[558, 23, 3]
[1816, 821, 2]
[112, 825, 13]
[1311, 1236, 2]
[144, 227, 2]
[1283, 77, 2]
[1266, 73, 2]
[717, 1789, 9]
[133, 1427, 3]
[577, 1906, 2]
[1500, 221, 3]
[1901, 870, 2]
[1789, 1290, 2]
[2032, 1890, 2]
[494, 1112, 3]
[1831, 435, 2]
[1788, 1677, 2]
[715, 1067, 3]
[990, 1523, 2]
[1068, 824, 2]
[315, 565, 2]
[15, 1558, 4]
[1287, 0, 2]
[1475, 492, 2]
[892, 156, 5]
[1037, 68, 2]
[301, 269, 2]
[1789, 1558, 2]
[1, 936, 2]
[197, 1752, 2]
[721, 2021, 4]
[1944, 243, 9]
[1746, 118, 2]
[1500, 1246, 4]
[1108, 829, 2]
[177, 1360, 2]
[542, 1126, 3]
[1564, 1564, 4]
[882, 1477, 2]
[546, 96, 3]
[1752, 659, 2]
[1434, 2021, 4]
[1495, 1697, 3]
[1752, 36, 2]
[515, 1904, 2]
[1354, 744, 2]
[2011, 387, 3]
[1565, 1521, 2]
[192, 785, 2]
[488, 60, 2]
[1045, 428, 2]
[888, 699, 2]
[1500, 464, 19]
[237, 1616, 2]
[1365, 613, 3]
[1042, 162, 4]
[1450, 1481, 2]
[1935, 1463, 2]
[258, 225, 3]
[723, 1365, 2]
[1126, 1624, 2]
[1644, 2021, 9]
[524, 1014, 2]
[392, 957, 3]
[557, 1784, 3]
[1355, 1775, 3]
[1330, 1789, 2]
[1895, 140, 2]
[636, 1356, 2]
[527, 754, 3]
[420, 342, 2]
[198, 1002, 3]
[1711, 1904, 3]
[1934, 1784, 2]
[833, 1893, 2]
[812, 905, 2]
[804, 1096, 2]
[266, 1112, 2]
[333, 64, 2]
[1855, 523, 2]
[1508, 627, 2]
[152, 542, 3]
[155, 1836, 2]
[1910, 1332, 2]
[825, 39, 2]
[1368, 812, 142]
[1345, 1623, 4]
[1870, 542, 4]
[1139, 1655, 2]
[1637, 1687, 11]
[542, 950, 2]
[1752, 1910, 3]
[1866, 542, 3]
[1211, 165, 2]
[539, 2051, 2]
[258, 90, 2]
[106, 1761, 3]
[445, 1242, 2]
[387, 19, 2]
[436, 1025, 2]
[750, 1158, 2]
[1342, 1966, 3]
[777, 1755, 2]
[2033, 1155, 2]
[542, 569, 3]
[289, 436, 2]
[378, 1565, 2]
[914, 58, 2]
[1632, 527, 3]
[1002, 1577, 2]
[509, 1090, 2]
[1238, 1472, 2]
[1136, 1343, 2]
[1014, 225, 34]
[309, 278, 2]
[524, 753, 3]
[82, 268, 2]
[81, 1720, 2]
[1617, 259, 2]
[502, 2029, 3]
[606, 455, 2]
[240, 1699, 2]
[258, 333, 2]
[899, 1492, 11]
[369, 876, 2]
[1611, 68, 2]
[68, 1296, 9]
[307, 1219, 2]
[665, 260, 2]
[225, 1805, 2]
[1804, 383, 2]
[1, 538, 3]
[342, 1800, 3]
[520, 1855, 2]
[515, 1789, 5]
[68, 789, 2]
[1713, 188, 2]
[1664, 173, 8]
[1652, 414, 2]
[1997, 1666, 2]
[1205, 857, 6]
[70, 907, 2]
[1531, 449, 2]
[351, 571, 2]
[409, 759, 15]
[1684, 1684, 2]
[1529, 1528, 2]
[764, 773, 2]
[2021, 1028, 3]
[1665, 896, 5]
[823, 1191, 4]
[1054, 1220, 3]
[1, 1048, 3]
[1660, 395, 2]
[1918, 1130, 2]
[1497, 1496, 2]
[754, 527, 12]
[243, 1341, 2]
[542, 1824, 2]
[1467, 557, 2]
[598, 1382, 2]
[353, 1751, 2]
[116, 1796, 2]
[1600, 298, 2]
[749, 1159, 2]
[860, 944, 2]
[379, 1905, 2]
[863, 342, 2]
[785, 831, 2]
[1962, 898, 2]
[100, 1146, 2]
[694, 690, 4]
[13, 113, 4]
[964, 779, 2]
[1315, 785, 2]
[1429, 823, 2]
[1898, 50, 4]
[340, 542, 2]
[476, 868, 3]
[1907, 1054, 3]
[101, 1416, 2]
[569, 538, 3]
[8, 485, 14]
[1531, 1233, 2]
[1679, 1843, 2]
[1153, 336, 2]
[2032, 542, 3]
[1986, 481, 7]
[1851, 1677, 2]
[397, 344, 2]
[1295, 1952, 2]
[1590, 1558, 2]
[1234, 1851, 4]
[516, 1997, 2]
[431, 1002, 3]
[1359, 1940, 3]
[1118, 1644, 3]
[1506, 527, 4]
[1024, 1717, 2]
[1658, 703, 3]
[614, 337, 2]
[68, 1572, 2]
[68, 959, 18]
[148, 342, 3]
[724, 1383, 2]
[1269, 496, 2]
[2010, 959, 2]
[1467, 1938, 6]
[1752, 515, 2]
[697, 435, 3]
[743, 743, 2]
[1039, 1601, 2]
[1440, 1938, 2]
[857, 1054, 2]
[836, 688, 3]
[825, 757, 2]
[1697, 1671, 7]
[1582, 1361, 8]
[1851, 1146, 2]
[340, 530, 3]
[1745, 870, 2]
[7, 302, 2]
[542, 1223, 3]
[1361, 1591, 4]
[658, 1764, 2]
[682, 1752, 2]
[1797, 1158, 2]
[1962, 1041, 2]
[765, 1278, 2]
[1380, 1361, 4]
[959, 1178, 2]
[129, 258, 3]
[755, 387, 5]
[12, 1259, 2]
[1558, 1361, 6]
[1954, 1700, 2]
[1939, 165, 2]
[156, 1784, 2]
[49, 129, 2]
[1092, 316, 2]
[1146, 1558, 2]
[515, 1961, 3]
[258, 1890, 2]
[1278, 1682, 2]
[700, 529, 4]
[81, 569, 2]
[623, 342, 2]
[1357, 1370, 2]
[713, 1272, 3]
[225, 468, 2]
[2010, 1116, 3]
[321, 1267, 9]
[2048, 887, 3]
[68, 1775, 4]
[387, 348, 2]
[129, 252, 2]
[1078, 1537, 2]
[1558, 468, 2]
[1847, 1155, 2]
[1158, 904, 2]
[143, 68, 2]
[1961, 559, 2]
[225, 1085, 3]
[1973, 1752, 2]
[828, 899, 2]
[1219, 231, 2]
[542, 519, 4]
[464, 1002, 3]
[1324, 1002, 8]
[1, 582, 2]
[657, 496, 2]
[1272, 1154, 2]
[638, 1426, 2]
[1355, 1784, 2]
[178, 1972, 2]
[1048, 1097, 3]
[839, 822, 2]
[552, 1054, 2]
[1054, 860, 3]
[258, 1205, 2]
[262, 1002, 2]
[1909, 302, 2]
[1050, 990, 2]
[363, 1488, 2]
[1774, 1979, 2]
[1560, 1115, 3]
[542, 499, 3]
[258, 1235, 2]
[1247, 907, 2]
[1106, 1430, 2]
[1659, 1967, 2]
[886, 237, 5]
[1904, 1937, 2]
[195, 397, 2]
[527, 1855, 3]
[306, 1054, 2]
[1990, 1558, 2]
[168, 0, 2]
[1556, 1004, 3]
[1172, 1502, 2]
[1716, 516, 2]
[1785, 24, 3]
[1875, 1878, 4]
[418, 1143, 2]
[772, 956, 2]
[1923, 110, 2]
[1219, 258, 3]
[581, 2017, 4]
[888, 695, 2]
[542, 543, 2]
[37, 696, 2]
[67, 1572, 2]
[670, 778, 2]
[768, 1689, 10]
[1104, 523, 2]
[737, 829, 2]
[1392, 1558, 2]
[300, 6, 2]
[542, 1533, 10]
[1053, 1195, 2]
[342, 1898, 4]
[67, 959, 3]
[353, 1552, 3]
[102, 741, 2]
[571, 524, 2]
[1290, 1420, 2]
[1108, 1064, 3]
[829, 589, 2]
[1843, 342, 3]
[89, 682, 2]
[811, 1774, 2]
[1604, 712, 3]
[433, 1231, 7]
[527, 1158, 3]
[387, 252, 2]
[1309, 1380, 3]
[1, 1500, 4]
[508, 260, 2]
[859, 299, 2]
[1078, 1644, 2]
[850, 1127, 4]
[1438, 2003, 2]
[135, 1732, 2]
[2019, 657, 2]
[602, 648, 3]
[542, 1137, 2]
[593, 547, 2]
[1179, 376, 2]
[589, 323, 2]
[834, 67, 2]
[1766, 1921, 8]
[342, 1980, 2]
[342, 1364, 4]
[596, 715, 2]
[67, 1412, 2]
[542, 682, 2]
[983, 807, 3]
[898, 1752, 5]
[342, 1126, 6]
[1704, 342, 4]
[1982, 1571, 2]
[692, 1095, 3]
[1355, 959, 4]
[1276, 248, 2]
[86, 1976, 2]
[959, 69, 3]
[397, 1558, 6]
[409, 984, 2]
[1767, 1293, 5]
[383, 1297, 2]
[379, 1582, 2]
[397, 1899, 2]
[1439, 1158, 3]
[1064, 193, 2]
[1355, 785, 9]
[1370, 648, 2]
[1907, 682, 4]
[167, 1108, 2]
[387, 258, 9]
[898, 550, 5]
[366, 1985, 8]
[1326, 959, 2]
[2042, 1151, 2]
[881, 592, 2]
[1355, 1581, 6]
[269, 133, 2]
[133, 1210, 3]
[1002, 2008, 2]
[1158, 857, 4]
[1168, 1751, 2]
[225, 1677, 9]
[542, 1500, 10]
[342, 569, 4]
[1, 1323, 2]
[1506, 1385, 3]
[737, 2021, 3]
[2014, 1704, 3]
[1752, 68, 4]
[1833, 1002, 2]
[575, 1595, 4]
[1823, 342, 8]
[1056, 542, 2]
[1, 2016, 2]
[594, 292, 2]
[829, 1296, 3]
[1595, 342, 18]
[1742, 258, 2]
[243, 516, 9]
[1698, 1673, 3]
[14, 1341, 2]
[563, 1151, 2]
[432, 1171, 6]
[1150, 83, 2]
[81, 950, 2]
[118, 901, 2]
[1436, 1203, 2]
[1791, 429, 6]
[68, 1638, 2]
[83, 1862, 2]
[269, 438, 4]
[735, 1126, 3]
[1765, 1910, 2]
[709, 557, 2]
[1346, 378, 2]
[785, 1355, 4]
[819, 1651, 2]
[1396, 268, 2]
[1576, 303, 2]
[1057, 1905, 3]
[1924, 1974, 10]
[1399, 1014, 2]
[121, 1566, 2]
[922, 1697, 2]
[62, 1207, 2]
[1054, 1365, 2]
[1486, 727, 9]
[1818, 271, 5]
[465, 860, 2]
[1384, 785, 3]
[1966, 542, 13]
[1903, 1002, 34]
[1543, 1158, 2]
[1149, 721, 7]
[1852, 388, 2]
[454, 989, 2]
[342, 580, 2]
[231, 1219, 3]
[524, 384, 3]
[1281, 759, 2]
[1361, 585, 2]
[1822, 280, 2]
[1558, 527, 2]
[1946, 1558, 2]
[1558, 25, 3]
[1534, 1164, 2]
[927, 1043, 2]
[157, 1345, 2]
[1176, 542, 2]
[806, 795, 2]
[543, 947, 2]
[1936, 1936, 2]
[183, 898, 2]
[1523, 516, 2]
[1836, 2026, 2]
[428, 1237, 2]
[402, 1804, 2]
[1054, 1355, 7]
[1879, 542, 3]
[1, 438, 2]
[1884, 1006, 2]
[1002, 1855, 2]
[865, 1650, 2]
[1296, 226, 2]
[748, 714, 3]
[1804, 1724, 2]
[1108, 1753, 4]
[340, 1002, 3]
[64, 751, 2]
[1, 1634, 3]
[2037, 563, 2]
[1804, 698, 2]
[1905, 1272, 2]
[829, 527, 6]
[1425, 8, 2]
[520, 1752, 2]
[502, 21, 2]
[502, 40, 3]
[1108, 303, 3]
[1753, 1479, 2]
[1481, 1617, 2]
[1205, 614, 2]
[1903, 0, 3]
[1326, 231, 2]
[1853, 1762, 2]
[1677, 225, 2]
[556, 617, 2]
[745, 103, 2]
[648, 496, 5]
[1224, 735, 3]
[1407, 216, 2]
[526, 1271, 3]
[1126, 1550, 3]
[1924, 2006, 4]
[1383, 594, 2]
[1593, 888, 2]
[1350, 1392, 2]
[1108, 1108, 2]
[158, 433, 5]
[2019, 1401, 2]
[467, 1987, 2]
[477, 1705, 5]
[1109, 1752, 4]
[2021, 515, 2]
[569, 192, 4]
[1912, 542, 13]
[397, 1073, 2]
[1285, 609, 2]
[118, 69, 2]
[243, 1770, 2]
[1205, 26, 3]
[378, 1058, 2]
[311, 183, 2]
[460, 370, 9]
[23, 1155, 3]
[2021, 1480, 2]
[959, 15, 2]
[1155, 267, 2]
[1937, 1146, 2]
[252, 948, 2]
[2021, 682, 2]
[323, 399, 2]
[28, 1242, 2]
[337, 724, 2]
[1070, 1176, 2]
[944, 812, 2]
[1162, 342, 6]
[370, 1560, 2]
[1356, 648, 2]
[1924, 1002, 5]
[1027, 1219, 2]
[1506, 165, 3]
[1972, 1427, 2]
[1527, 1871, 2]
[123, 123, 3]
[876, 923, 2]
[524, 785, 2]
[935, 1196, 2]
[1928, 774, 16]
[1075, 1784, 4]
[1049, 2021, 2]
[2053, 545, 2]
[1487, 1860, 3]
[683, 1689, 3]
[1761, 1626, 3]
[370, 565, 3]
[1738, 825, 2]
[1164, 165, 2]
[1178, 397, 3]
[903, 126, 2]
[1995, 148, 2]
[1534, 1384, 2]
[825, 1472, 2]
[1534, 387, 2]
[633, 1821, 4]
[370, 850, 2]
[1622, 1531, 3]
[832, 1287, 2]
[976, 1108, 2]
[1890, 1998, 2]
[524, 156, 2]
[1078, 663, 2]
[1417, 1838, 2]
[909, 250, 2]
[1521, 1982, 2]
[1088, 353, 3]
[1887, 0, 2]
[742, 0, 2]
[1395, 115, 2]
[1, 1950, 2]
[1381, 1339, 2]
[1719, 1523, 2]
[1894, 959, 2]
[2021, 784, 2]
[1801, 1213, 2]
[120, 1651, 4]
[1002, 1557, 2]
[273, 1385, 2]
[1975, 720, 5]
[92, 968, 2]
[827, 500, 2]
[1200, 605, 3]
[1784, 1935, 2]
[516, 1994, 3]
[1228, 332, 2]
[1769, 1737, 7]
[948, 1792, 2]
[1200, 394, 2]
[1491, 338, 2]
[342, 706, 2]
[542, 2024, 5]
[1890, 88, 2]
[421, 1395, 2]
[1890, 1119, 2]
[790, 1230, 2]
[92, 1974, 2]
[1851, 1745, 5]
[342, 821, 2]
[1740, 516, 2]
[167, 1361, 3]
[1640, 167, 2]
[710, 1233, 2]
[1848, 1002, 2]
[1764, 347, 2]
[515, 146, 2]
[1910, 1272, 2]
[1297, 1341, 4]
[1, 1189, 2]
[413, 1965, 2]
[812, 1016, 2]
[1728, 1962, 2]
[1284, 395, 3]
[259, 1273, 2]
[968, 506, 2]
[1773, 372, 2]
[524, 100, 3]
[1002, 1451, 3]
[959, 1330, 2]
[1818, 0, 2]
[1077, 1573, 2]
[1789, 1158, 3]
[1958, 404, 3]
[1432, 303, 2]
[1946, 1640, 3]
[959, 378, 3]
[1083, 1392, 2]
[825, 342, 22]
[965, 1002, 2]
[1355, 1789, 2]
[811, 744, 2]
[1303, 112, 2]
[237, 2010, 2]
[835, 104, 2]
[1916, 1918, 2]
[959, 892, 5]
[157, 1946, 2]
[1071, 407, 2]
[782, 680, 2]
[1737, 1297, 2]
[726, 80, 4]
[302, 499, 2]
[1467, 2052, 2]
[1718, 678, 2]
[1946, 1696, 4]
[776, 829, 2]
[965, 1279, 3]
[516, 1420, 2]
[528, 342, 2]
[1777, 1379, 3]
[97, 853, 4]
[1394, 1659, 2]
[1054, 1366, 4]
[1423, 1645, 2]
[1910, 1693, 2]
[102, 258, 3]
[469, 1327, 2]
[1505, 1297, 2]
[1002, 1205, 5]
[516, 68, 2]
[444, 1097, 3]
[435, 71, 3]
[812, 1559, 2]
[710, 1002, 4]
[367, 572, 2]
[1752, 713, 4]
[59, 0, 2]
[9, 41, 2]
[58, 153, 3]
[1365, 1355, 2]
[1155, 1784, 2]
[1178, 1158, 5]
[1155, 1660, 2]
[342, 1361, 3]
[509, 1904, 2]
[1624, 1160, 2]
[924, 175, 2]
[104, 342, 8]
[1205, 785, 4]
[1193, 1113, 3]
[736, 1367, 2]
[1890, 1773, 9]
[344, 42, 4]
[524, 1565, 2]
[682, 940, 2]
[1506, 524, 7]
[156, 829, 5]
[388, 1060, 2]
[1757, 1054, 2]
[1148, 1272, 2]
[2009, 87, 3]
[522, 1281, 2]
[841, 1844, 2]
[252, 585, 3]
[542, 370, 2]
[721, 1912, 8]
[1009, 118, 2]
[344, 612, 2]
[1430, 1883, 4]
[974, 1677, 2]
[765, 1444, 2]
[542, 1233, 2]
[1039, 896, 2]
[1458, 1436, 2]
[542, 381, 2]
[1371, 520, 6]
[161, 604, 2]
[1485, 1649, 3]
[921, 4, 2]
[1514, 1924, 16]
[934, 992, 2]
[1469, 557, 2]
[1067, 435, 11]
[18, 1565, 2]
[765, 1385, 2]
[167, 1115, 2]
[1699, 91, 2]
[64, 1221, 2]
[342, 499, 3]
[1687, 653, 14]
[293, 1168, 2]
[258, 1154, 2]
[283, 1162, 3]
[1904, 1997, 2]
[1737, 133, 2]
[1472, 1002, 2]
[2009, 2010, 2]
[1384, 167, 2]
[1364, 1272, 3]
[425, 771, 2]
[2010, 646, 2]
[793, 258, 2]
[1, 797, 2]
[1284, 342, 12]
[766, 542, 2]
[454, 1135, 2]
[1962, 1890, 2]
[1297, 1297, 2]
[1155, 1467, 2]
[1249, 12, 5]
[1296, 1775, 2]
[987, 370, 2]
[1558, 1693, 3]
[1123, 2022, 2]
[563, 1876, 3]
[589, 280, 2]
[280, 1784, 2]
[1002, 1028, 5]
[1889, 1781, 3]
[851, 1704, 3]
[1195, 1154, 2]
[812, 408, 3]
[342, 154, 2]
[957, 1210, 3]
[1192, 313, 2]
[1693, 1060, 3]
[1560, 829, 3]
[341, 1200, 2]
[1368, 304, 2]
[1432, 184, 2]
[232, 1272, 2]
[412, 542, 2]
[1868, 1867, 2]
[1500, 1707, 2]
[260, 1890, 2]
[881, 1575, 2]
[1792, 1326, 2]
[582, 1948, 2]
[524, 1558, 6]
[1994, 1850, 5]
[1664, 258, 12]
[1784, 1355, 2]
[447, 342, 2]
[310, 1866, 2]
[1982, 1558, 2]
[569, 123, 6]
[170, 340, 2]
[557, 1466, 2]
[829, 874, 3]
[874, 468, 3]
[191, 1851, 2]
[1950, 965, 6]
[404, 342, 5]
[2002, 248, 2]
[2017, 1595, 4]
[2048, 371, 3]
[286, 1002, 3]
[605, 648, 4]
[1003, 1287, 3]
[715, 121, 4]
[2023, 1882, 3]
[1737, 402, 2]
[370, 682, 2]
[919, 218, 2]
[83, 710, 9]
[1558, 864, 3]
[1751, 376, 2]
[1997, 483, 2]
[342, 1774, 2]
[496, 1420, 2]
[234, 376, 2]
[1758, 1901, 2]
[1309, 1361, 2]
[927, 1618, 2]
[1822, 1506, 5]
[959, 1987, 2]
[420, 1362, 6]
[814, 1804, 2]
[1066, 189, 2]
[1198, 1128, 3]
[1297, 28, 2]
[1726, 973, 2]
[541, 304, 2]
[980, 1902, 2]
[1164, 1072, 2]
[967, 181, 2]
[954, 1932, 2]
[468, 525, 3]
[1361, 1522, 2]
[1433, 1173, 3]
[438, 1567, 2]
[1137, 1699, 2]
[647, 1397, 2]
[387, 1272, 2]
[402, 1470, 3]
[1693, 342, 2]
[713, 1522, 2]
[435, 754, 6]
[524, 2009, 2]
[76, 1997, 2]
[896, 1361, 5]
[1915, 542, 2]
[825, 1558, 2]
[928, 1002, 2]
[1221, 1909, 2]
[965, 1950, 4]
[1524, 654, 3]
[185, 174, 2]
[1052, 1890, 2]
[194, 1051, 2]
[60, 145, 2]
[523, 1937, 2]
[342, 1803, 2]
[1664, 183, 5]
[1343, 1380, 2]
[557, 836, 2]
[1832, 615, 2]
[1272, 1029, 2]
[255, 1986, 2]
[542, 1890, 10]
[1937, 724, 5]
[502, 387, 4]
[1116, 1116, 4]
[342, 1816, 2]
[1156, 30, 2]
[729, 1903, 3]
[724, 16, 3]
[857, 1355, 2]
[1832, 435, 3]
[1228, 761, 2]
[910, 910, 2]
[1002, 622, 2]
[669, 1630, 2]
[121, 1417, 2]
[991, 47, 2]
[516, 1904, 2]
[1283, 167, 2]
[516, 1786, 2]
[1509, 700, 2]
[435, 1606, 4]
[579, 579, 3]
[887, 1040, 2]
[1553, 1773, 2]
[2022, 1764, 2]
[1205, 959, 5]
[1051, 1349, 2]
[586, 814, 2]
[523, 1904, 2]
[74, 608, 2]
[520, 1379, 3]
[1467, 2006, 2]
[231, 1558, 4]
[1441, 930, 2]
[1104, 754, 3]
[1479, 524, 2]
[1676, 1014, 2]
[1420, 1658, 2]
[387, 1881, 2]
[1355, 1467, 8]
[1177, 1141, 4]
[829, 502, 3]
[1550, 1118, 3]
[1693, 1057, 3]
[927, 1499, 4]
[1736, 1659, 2]
[1642, 1257, 2]
[1108, 387, 2]
[1988, 1779, 2]
[1230, 542, 2]
[87, 1558, 3]
[648, 1881, 2]
[1755, 1272, 2]
[701, 1296, 2]
[1099, 948, 2]
[1296, 1934, 2]
[1933, 12, 2]
[1022, 1276, 4]
[794, 124, 2]
[1382, 108, 2]
[1752, 1432, 2]
[137, 52, 2]
[1558, 715, 3]
[1285, 258, 4]
[1820, 1166, 2]
[1984, 1119, 2]
[1447, 1355, 2]
[1752, 499, 3]
[278, 1873, 2]
[1429, 1593, 2]
[1796, 1558, 2]
[1891, 458, 3]
[24, 917, 2]
[2019, 1507, 2]
[379, 1052, 2]
[257, 216, 2]
[1939, 1292, 2]
[524, 68, 2]
[291, 212, 2]
[1054, 282, 2]
[1677, 1272, 2]
[1804, 1448, 2]
[1414, 1092, 2]
[925, 471, 4]
[377, 20, 2]
[959, 1272, 4]
[1108, 1778, 2]
[1341, 2010, 2]
[524, 598, 3]
[521, 1660, 2]
[1372, 888, 2]
[1540, 342, 8]
[1097, 803, 3]
[1890, 223, 2]
[250, 542, 3]
[438, 269, 3]
[744, 112, 6]
[759, 342, 14]
[710, 92, 3]
[893, 672, 2]
[424, 542, 23]
[686, 1864, 2]
[908, 1002, 2]
[28, 1784, 3]
[1185, 1555, 2]
[534, 903, 4]
[612, 844, 2]
[1947, 550, 2]
[485, 342, 7]
[336, 1538, 2]
[1272, 121, 2]
[120, 1888, 3]
[211, 1890, 2]
[542, 513, 2]
[1653, 993, 2]
[252, 1439, 2]
[282, 443, 4]
[1308, 342, 2]
[1904, 415, 2]
[794, 1417, 4]
[1181, 258, 2]
[1407, 8, 6]
[16, 985, 3]
[1153, 1284, 3]
[1974, 53, 7]
[1582, 1309, 2]
[225, 1098, 2]
[434, 992, 2]
[92, 1415, 2]
[527, 527, 2]
[1916, 693, 2]
[1946, 225, 4]
[161, 775, 2]
[1267, 1903, 9]
[17, 182, 2]
[1155, 1233, 2]
[1558, 881, 7]
[812, 1048, 3]
[926, 1548, 3]
[1293, 1067, 5]
[664, 1907, 3]
[823, 888, 2]
[524, 1852, 2]
[1745, 1413, 2]
[396, 886, 2]
[957, 242, 3]
[255, 611, 2]
[898, 370, 2]
[822, 1125, 2]
[1472, 1835, 3]
[1677, 1890, 2]
[1986, 2013, 2]
[1327, 1558, 2]
[1133, 243, 2]
[1947, 1344, 2]
[861, 996, 2]
[1979, 2019, 2]
[1904, 1558, 2]
[812, 1913, 3]
[469, 225, 2]
[1765, 799, 2]
[1297, 1804, 2]
[1737, 1219, 2]
[1567, 407, 2]
[8, 1275, 3]
[524, 1522, 2]
[342, 627, 4]
[1891, 210, 2]
[997, 1429, 2]
[565, 1889, 2]
[464, 2021, 2]
[340, 1200, 2]
[1376, 715, 2]
[1885, 1432, 2]
[1477, 86, 2]
[92, 1002, 2]
[1079, 1689, 2]
[129, 1939, 3]
[356, 1472, 5]
[1689, 409, 15]
[1104, 1951, 2]
[1290, 825, 4]
[638, 819, 2]
[285, 1516, 2]
[1036, 1396, 2]
[1852, 1370, 3]
[1135, 1900, 3]
[1591, 1588, 2]
[698, 1285, 2]
[1939, 1558, 2]
[889, 1855, 2]
[1272, 1052, 2]
[1583, 1997, 2]
[611, 1897, 2]
[1088, 462, 3]
[738, 1002, 2]
[639, 783, 2]
[1384, 141, 2]
[1383, 377, 2]
[120, 610, 2]
[1333, 548, 2]
[569, 1563, 2]
[1337, 1026, 2]
[496, 387, 4]
[1647, 1540, 2]
[252, 2019, 2]
[896, 69, 2]
[133, 1256, 2]
[2039, 772, 2]
[114, 130, 4]
[1158, 1855, 3]
[1715, 335, 2]
[342, 270, 2]
[269, 1916, 4]
[1920, 128, 2]
[58, 159, 3]
[258, 1783, 2]
[1557, 172, 3]
[751, 1123, 2]
[1890, 1748, 2]
[1234, 883, 2]
[1127, 581, 2]
[1818, 1599, 2]
[881, 100, 2]
[435, 1055, 2]
[324, 1051, 2]
[478, 1472, 2]
[1323, 1699, 2]
[918, 823, 4]
[1314, 1754, 3]
[1237, 542, 2]
[1910, 328, 2]
[1229, 139, 2]
[841, 1319, 2]
[1297, 999, 2]
[258, 1909, 2]
[1935, 715, 3]
[459, 1129, 2]
[1670, 705, 2]
[524, 387, 4]
[441, 0, 2]
[1781, 0, 2]
[1275, 352, 3]
[1907, 8, 2]
[502, 290, 5]
[1485, 1183, 3]
[222, 1035, 9]
[565, 370, 4]
[464, 499, 2]
[2019, 648, 2]
[1041, 97, 4]
[812, 8, 3]
[1239, 1441, 2]
[1658, 1355, 2]
[1294, 1863, 2]
[2034, 1441, 2]
[524, 1592, 2]
[161, 445, 2]
[674, 1920, 3]
[1456, 1614, 3]
[1888, 682, 2]
[1489, 1164, 2]
[90, 150, 2]
[607, 588, 2]
[1434, 1155, 3]
[1804, 1050, 2]
[946, 871, 2]
[403, 416, 2]
[1287, 1916, 2]
[2016, 420, 4]
[479, 343, 2]
[395, 1281, 3]
[1379, 1489, 2]
[15, 99, 2]
[749, 1545, 3]
[733, 631, 2]
[1890, 193, 3]
[896, 1039, 3]
[774, 1514, 16]
[1472, 285, 3]
[795, 1474, 2]
[989, 1823, 8]
[1489, 1247, 8]
[342, 92, 2]
[2021, 1282, 2]
[1474, 1273, 2]
[1178, 1319, 2]
[1677, 1116, 2]
[693, 1247, 2]
[1, 1434, 3]
[1753, 496, 2]
[401, 1774, 2]
[1931, 1184, 3]
[94, 494, 2]
[137, 499, 2]
[1166, 850, 3]
[1271, 28, 2]
[1900, 542, 27]
[468, 526, 2]
[1558, 1673, 2]
[1961, 1158, 2]
[1355, 703, 2]
[1115, 387, 5]
[524, 252, 2]
[1002, 28, 2]
[370, 1215, 2]
[1124, 1361, 2]
[1, 706, 5]
[342, 1032, 2]
[149, 555, 4]
[775, 1351, 2]
[1055, 1108, 6]
[745, 521, 2]
[1276, 1002, 2]
[225, 1462, 2]
[1672, 342, 2]
[1200, 342, 6]
[254, 253, 2]
[2012, 1982, 2]
[1257, 1407, 3]
[1374, 1859, 2]
[133, 1002, 2]
[1454, 137, 2]
[1002, 499, 14]
[1272, 2035, 3]
[287, 2015, 2]
[542, 903, 2]
[511, 1810, 3]
[1704, 494, 2]
[1992, 0, 2]
[1639, 258, 2]
[370, 1613, 3]
[505, 202, 2]
[1291, 1826, 2]
[387, 829, 3]
[550, 898, 4]
[83, 1652, 2]
[1385, 1764, 2]
[1659, 119, 2]
[1908, 1856, 2]
[1020, 230, 3]
[89, 1329, 2]
[1682, 1792, 2]
[720, 1118, 2]
[559, 590, 4]
[1910, 516, 2]
[440, 811, 2]
[1751, 825, 2]
[319, 1525, 3]
[586, 1331, 2]
[512, 0, 2]
[156, 120, 2]
[1424, 1982, 2]
[1686, 1003, 3]
[230, 1168, 5]
[520, 1852, 3]
[1506, 1822, 2]
[92, 1688, 2]
[526, 516, 3]
[783, 537, 2]
[583, 0, 2]
[151, 379, 2]
[881, 906, 2]
[344, 881, 2]
[624, 1326, 2]
[1658, 1797, 2]
[167, 550, 2]
[1558, 634, 3]
[68, 880, 2]
[133, 0, 2]
[1948, 825, 3]
[1089, 391, 3]
[1740, 1658, 2]
[1376, 1740, 3]
[524, 765, 2]
[836, 963, 3]
[1558, 1796, 3]
[121, 1108, 3]
[1658, 1775, 5]
[829, 387, 11]
[54, 269, 2]
[1581, 557, 3]
[1023, 1915, 2]
[320, 1551, 2]
[829, 1909, 2]
[1307, 1621, 2]
[1205, 1158, 3]
[1316, 605, 2]
[1904, 754, 2]
[156, 1694, 2]
[223, 248, 2]
[370, 1804, 2]
[1216, 342, 2]
[81, 1054, 2]
[662, 0, 2]
[1455, 397, 2]
[193, 1890, 2]
[1002, 1794, 2]
[1146, 945, 2]
[387, 648, 2]
[1092, 829, 2]
[688, 1721, 3]
[1048, 444, 3]
[812, 1146, 2]
[1535, 1435, 3]
[829, 1905, 2]
[1340, 505, 2]
[1296, 1968, 2]
[932, 1196, 3]
[984, 1002, 3]
[1804, 30, 2]
[1521, 1122, 2]
[1628, 1997, 2]
[1247, 14, 2]
[482, 157, 2]
[387, 697, 3]
[47, 1611, 2]
[1256, 154, 2]
[682, 1510, 2]
[1, 785, 2]
[918, 570, 2]
[2031, 2031, 2]
[1155, 993, 2]
[1799, 1879, 2]
[350, 1693, 3]
[580, 258, 5]
[1024, 1804, 2]
[252, 1601, 2]
[1974, 1729, 2]
[1750, 288, 2]
[342, 1974, 7]
[976, 844, 2]
[295, 149, 2]
[1616, 304, 2]
[1382, 1039, 2]
[759, 409, 2]
[1610, 782, 2]
[40, 402, 3]
[1097, 0, 2]
[2014, 1467, 2]
[326, 1987, 2]
[929, 1875, 2]
[167, 224, 3]
[183, 67, 2]
[1910, 559, 2]
[68, 326, 2]
[435, 1170, 3]
[807, 1953, 3]
[1985, 1900, 11]
[615, 524, 3]
[1582, 258, 3]
[1598, 1082, 3]
[1, 1826, 2]
[723, 832, 2]
[117, 565, 2]
[1771, 144, 2]
[660, 642, 2]
[716, 975, 8]
[918, 723, 2]
[55, 931, 2]
[868, 664, 3]
[888, 1495, 2]
[1522, 1841, 2]
[1232, 342, 2]
[336, 1002, 2]
[1569, 571, 2]
[105, 1851, 2]
[1096, 313, 2]
[524, 1100, 3]
[1581, 682, 2]
[1736, 638, 2]
[1203, 48, 2]
[1355, 1469, 2]
[519, 147, 4]
[1570, 350, 2]
[497, 1698, 2]
[1378, 1209, 2]
[436, 749, 2]
[921, 632, 2]
[857, 786, 2]
[1365, 1356, 3]
[852, 1658, 2]
[746, 133, 6]
[1536, 542, 4]
[1826, 1703, 4]
[1369, 596, 2]
[502, 502, 2]
[1205, 1219, 2]
[1819, 196, 2]
[1586, 738, 2]
[1154, 614, 2]
[1993, 1676, 2]
[1122, 1452, 2]
[1558, 1946, 3]
[1658, 595, 2]
[715, 1982, 3]
[1764, 1569, 2]
[156, 1293, 2]
[140, 115, 2]
[372, 286, 3]
[342, 1620, 2]
[915, 660, 2]
[2045, 1959, 2]
[322, 1677, 2]
[518, 1428, 2]
[1236, 262, 2]
[1175, 542, 6]
[371, 1910, 2]
[1442, 736, 4]
[1284, 1002, 3]
[1582, 1168, 2]
[217, 1489, 3]
[338, 1108, 4]
[999, 1312, 2]
[784, 68, 2]
[2029, 1534, 2]
[342, 1524, 2]
[986, 1773, 2]
[1890, 979, 2]
[1158, 1272, 4]
[438, 0, 3]
[1, 271, 3]
[898, 1168, 2]
[119, 754, 2]
[1186, 542, 4]
[1935, 1908, 2]
[829, 770, 2]
[994, 656, 5]
[219, 542, 2]
[1899, 1558, 2]
[671, 1400, 2]
[1845, 670, 2]
[1151, 542, 6]
[2010, 67, 2]
[660, 166, 3]
[1108, 1939, 2]
[1501, 871, 3]
[92, 1220, 2]
[829, 769, 2]
[250, 13, 4]
[486, 576, 3]
[1752, 400, 2]
[530, 542, 4]
[1553, 462, 2]
[515, 1885, 4]
[351, 1586, 2]
[1078, 94, 8]
[1058, 1740, 2]
[1654, 339, 2]
[477, 1942, 3]
[46, 1429, 5]
[258, 648, 2]
[1577, 325, 2]
[410, 1870, 2]
[1036, 891, 2]
[384, 2011, 3]
[1110, 10, 2]
[576, 1384, 2]
[1108, 1832, 2]
[1890, 250, 2]
[2, 205, 3]
[785, 860, 3]
[225, 1050, 2]
[422, 754, 2]
[225, 881, 2]
[1789, 1625, 2]
[1002, 784, 7]
[667, 1133, 5]
[2010, 1399, 3]
[588, 898, 2]
[1462, 981, 2]
[1756, 1142, 2]
[1588, 225, 2]
[1932, 1070, 2]
[49, 1164, 2]
[2030, 1609, 2]
[1591, 524, 2]
[1334, 1789, 3]
[2004, 225, 4]
[41, 289, 2]
[1626, 1558, 6]
[1857, 1388, 2]
[225, 1640, 4]
[154, 1907, 2]
[456, 1144, 6]
[1125, 840, 2]
[1903, 1233, 4]
[338, 1685, 2]
[1525, 542, 3]
[1247, 1178, 2]
[501, 1467, 2]
[829, 898, 6]
[550, 225, 3]
[1018, 342, 3]
[1565, 524, 2]
[1219, 2038, 2]
[1564, 1558, 3]
[1377, 92, 4]
[1217, 1216, 2]
[8, 1943, 2]
[1546, 1231, 2]
[959, 1855, 2]
[1671, 1034, 7]
[1422, 1050, 3]
[1982, 1717, 2]
[524, 881, 2]
[1496, 1721, 2]
[1890, 1501, 2]
[1105, 1564, 5]
[637, 583, 2]
[945, 1812, 2]
[203, 1219, 2]
[1063, 0, 2]
[1558, 1905, 3]
[779, 747, 4]
[1695, 1401, 3]
[1002, 1223, 3]
[225, 255, 2]
[220, 1272, 2]
[813, 1615, 4]
[122, 718, 2]
[1677, 1851, 2]
[1774, 811, 2]
[1890, 499, 2]
[555, 117, 2]
[149, 149, 2]
[709, 200, 2]
[1, 321, 10]
[1480, 1219, 4]
[1204, 1792, 3]
[321, 665, 14]
[2000, 1478, 2]
[1869, 542, 3]
[92, 134, 2]
[1500, 0, 2]
[339, 1200, 2]
[1890, 321, 13]
[238, 724, 2]
[825, 324, 2]
[344, 1179, 8]
[1758, 1523, 2]
[1926, 403, 2]
[1660, 587, 2]
[536, 1730, 3]
[1318, 263, 2]
[531, 1939, 2]
[998, 817, 3]
[502, 1771, 2]
[331, 1186, 4]
[1956, 1295, 2]
[1935, 1243, 2]
[518, 1268, 4]
[829, 100, 2]
[29, 558, 3]
[1472, 970, 6]
[1957, 1952, 2]
[157, 1219, 2]
[7, 258, 2]
[1472, 969, 2]
[1784, 438, 2]
[355, 1263, 2]
[502, 2039, 2]
[73, 1287, 2]
[1740, 1033, 2]
[1179, 258, 4]
[332, 1715, 2]
[251, 1437, 2]
[95, 1203, 2]
[258, 258, 2]
[1380, 1387, 3]
[1540, 1900, 3]
[726, 81, 13]
[342, 1223, 5]
[1980, 215, 2]
[328, 1765, 2]
[1091, 515, 2]
[734, 937, 3]
[529, 1887, 4]
[494, 1281, 2]
[382, 407, 2]
[1154, 533, 2]
[1673, 1605, 5]
[1969, 330, 2]
[1840, 1501, 2]
[1795, 2005, 2]
[189, 636, 2]
[825, 112, 6]
[1941, 316, 2]
[680, 1917, 2]
[502, 161, 2]
[1962, 1281, 2]
[184, 1904, 2]
[850, 1002, 8]
[524, 1085, 2]
[1195, 1155, 2]
[15, 1901, 2]
[1574, 1225, 2]
[200, 682, 2]
[586, 635, 2]
[1651, 1457, 2]
[1855, 1582, 2]
[907, 1218, 2]
[1050, 981, 2]
[821, 2021, 2]
[1809, 342, 2]
[1468, 1520, 2]
[92, 1425, 2]
[711, 1890, 2]
[304, 157, 2]
[1890, 1984, 4]
[825, 1051, 3]
[681, 542, 2]
[1449, 586, 2]
[1781, 431, 3]
[1047, 825, 5]
[1458, 1804, 2]
[1286, 2010, 2]
[1890, 1966, 5]
[1905, 502, 2]
[1904, 896, 6]
[1105, 1432, 2]
[1, 427, 2]
[447, 15, 2]
[648, 380, 2]
[1533, 717, 4]
[643, 666, 2]
[24, 785, 2]
[258, 1937, 3]
[231, 64, 3]
[1997, 1371, 3]
[719, 0, 2]
[2014, 1890, 3]
[716, 1021, 2]
[2012, 1424, 2]
[829, 1000, 2]
[971, 1946, 2]
[884, 1146, 2]
[1909, 898, 2]
[1361, 889, 2]
[1296, 165, 2]
[102, 724, 2]
[601, 1792, 3]
[1337, 0, 2]
[169, 1677, 2]
[1856, 524, 2]
[1296, 1036, 2]
[615, 156, 3]
[355, 1723, 2]
[1108, 1910, 2]
[542, 2030, 2]
[740, 1932, 2]
[728, 1699, 3]
[483, 1717, 3]
[1668, 1287, 4]
[665, 542, 13]
[811, 736, 2]
[118, 1290, 2]
[1636, 868, 12]
[315, 1860, 2]
[225, 1753, 3]
[1189, 1257, 4]
[1727, 1355, 2]
[1341, 837, 2]
[396, 161, 2]
[2008, 45, 2]
[1247, 991, 2]
[1890, 1801, 2]
[1673, 474, 2]
[613, 1420, 3]
[1752, 1384, 2]
[1272, 1359, 2]
[524, 1418, 2]
[1904, 829, 2]
[1830, 1435, 4]
[228, 1384, 2]
[898, 1050, 2]
[524, 1904, 2]
[873, 1002, 2]
[342, 949, 2]
[1118, 748, 3]
[629, 496, 3]
[1789, 869, 9]
[962, 829, 3]
[1392, 247, 2]
[812, 1153, 3]
[194, 1047, 2]
[1233, 1368, 142]
[6, 370, 2]
[1916, 950, 4]
[1565, 755, 2]
[77, 1371, 3]
[1890, 107, 2]
[284, 862, 3]
[854, 1394, 2]
[1784, 1054, 3]
[1890, 1034, 4]
[695, 1188, 6]
[167, 435, 3]
[886, 1089, 2]
[1961, 959, 9]
[1735, 120, 2]
[1890, 390, 2]
[394, 1456, 3]
[871, 709, 2]
[1890, 458, 2]
[1417, 498, 2]
[744, 1303, 2]
[100, 1830, 3]
[225, 1180, 3]
[1997, 1908, 2]
[606, 397, 3]
[1927, 1932, 2]
[627, 1828, 2]
[138, 1131, 2]
[1974, 1434, 8]
[1703, 564, 6]
[259, 1904, 5]
[1791, 1791, 2]
[19, 1453, 2]
[1938, 1054, 5]
[1784, 1078, 2]
[163, 630, 2]
[1858, 302, 3]
[342, 1284, 3]
[387, 1909, 3]
[1155, 981, 2]
[1320, 1919, 3]
[899, 342, 2]
[955, 1663, 2]
[1143, 528, 2]
[1786, 1326, 2]
[1558, 156, 2]
[250, 557, 2]
[1400, 624, 2]
[971, 1939, 2]
[1186, 336, 3]
[131, 327, 3]
[1247, 2010, 2]
[1805, 614, 2]
[1035, 1185, 2]
[1883, 542, 4]
[12, 756, 4]
[1158, 1432, 6]
[403, 0, 9]
[1329, 1946, 2]
[1492, 542, 11]
[959, 713, 2]
[1515, 424, 4]
[550, 502, 4]
[1511, 890, 2]
[727, 342, 10]
[1304, 132, 2]
[1365, 259, 2]
[1633, 1266, 2]
[1076, 155, 3]
[1810, 1560, 3]
[147, 1238, 2]
[1763, 673, 3]
[1916, 437, 3]
[79, 1241, 2]
[342, 989, 4]
[20, 885, 2]
[1788, 293, 2]
[1844, 28, 2]
[1631, 579, 2]
[1750, 742, 2]
[894, 591, 2]
[1913, 1054, 3]
[225, 638, 4]
[1164, 2012, 2]
[891, 1168, 4]
[1853, 65, 3]
[464, 746, 10]
[544, 278, 2]
[356, 1578, 2]
[450, 1591, 2]
[493, 1269, 2]
[1312, 515, 2]
[617, 563, 2]
[1272, 258, 2]
[496, 1471, 2]
[1169, 157, 2]
[1188, 1540, 8]
[562, 447, 2]
[557, 841, 2]
[21, 999, 2]
[252, 1465, 3]
[71, 524, 3]
[1910, 896, 3]
[542, 1078, 2]
[49, 165, 5]
[258, 479, 2]
[1921, 542, 8]
[1566, 1518, 2]
[134, 714, 2]
[1215, 1064, 4]
[496, 1587, 3]
[746, 61, 14]
[837, 1749, 2]
[1949, 1963, 2]
[342, 1784, 2]
[857, 1994, 2]
[1457, 497, 2]
[542, 2021, 5]
[524, 1050, 2]
[1702, 1828, 2]
[524, 1635, 2]
[1467, 1500, 4]
[756, 542, 4]
[1908, 668, 2]
[791, 1301, 2]
[1159, 894, 2]
[996, 344, 4]
[479, 2010, 2]
[1035, 1997, 9]
[1160, 1869, 2]
[1996, 520, 2]
[1677, 176, 2]
[225, 1842, 2]
[524, 993, 2]
[684, 1912, 3]
[1911, 542, 2]
[304, 1272, 2]
[1292, 877, 2]
[615, 1316, 2]
[499, 856, 3]
[1462, 1986, 2]
[898, 999, 2]
[1, 418, 2]
[871, 1022, 4]
[1, 918, 2]
[278, 111, 2]
[206, 1547, 2]
[471, 3, 5]
[186, 855, 2]
[502, 1841, 2]
[1467, 538, 3]
[1571, 252, 2]
[1, 920, 2]
[167, 225, 3]
[1661, 1740, 2]
[1034, 888, 2]
[1050, 648, 2]
[1, 1610, 2]
[1523, 1750, 2]
[1558, 829, 6]
[1, 1684, 2]
[940, 1233, 2]
[394, 340, 2]
[1119, 1890, 2]
[1054, 1783, 2]
[707, 911, 2]
[321, 1903, 4]
[557, 909, 2]
[1, 504, 2]
[812, 1766, 3]
[727, 1806, 4]
[615, 1993, 2]
[20, 448, 3]
[682, 1825, 2]
[2027, 1994, 2]
[1127, 1595, 8]
[167, 200, 2]
[435, 1626, 5]
[739, 1406, 2]
[346, 1361, 3]
[1523, 1804, 3]
[613, 426, 4]
[265, 980, 3]
[1959, 137, 2]
[259, 1116, 2]
[812, 1853, 2]
[1403, 1935, 2]
[1427, 1907, 3]
[1414, 1436, 2]
[94, 2021, 3]
[1052, 2010, 2]
[1112, 2023, 3]
[1345, 1345, 2]
[2014, 1190, 2]
[1445, 1205, 5]
[1002, 955, 2]
[402, 1385, 2]
[1562, 1002, 3]
[1540, 871, 4]
[1852, 1244, 2]
[221, 1677, 2]
[715, 995, 2]
[329, 542, 3]
[1502, 374, 2]
[239, 1002, 2]
[495, 1370, 2]
[1281, 1053, 2]
[303, 1895, 2]
[614, 1558, 3]
[1356, 1623, 2]
[373, 1112, 4]
[354, 1657, 4]
[38, 8, 2]
[92, 650, 2]
[1558, 927, 3]
[585, 1582, 2]
[1658, 987, 2]
[277, 340, 2]
[524, 1982, 2]
[1553, 460, 2]
[818, 1308, 2]
[215, 215, 2]
[1940, 1558, 3]
[342, 1500, 3]
[1802, 2040, 2]
[342, 927, 3]
[1182, 1690, 2]
[1722, 429, 2]
[227, 259, 5]
[1674, 1802, 2]
[1363, 256, 2]
[167, 1639, 2]
[524, 351, 2]
[785, 1205, 2]
[342, 825, 5]
[542, 432, 2]
[1768, 816, 2]
[1999, 532, 4]
[938, 730, 2]
[1692, 964, 4]
[1943, 1108, 3]
[906, 1158, 2]
[1908, 1284, 3]
[252, 634, 2]
[172, 77, 3]
[1355, 1054, 14]
[622, 1214, 4]
[1625, 516, 2]
[1345, 1296, 3]
[1288, 1224, 3]
[1365, 1904, 3]
[673, 511, 6]
[1678, 793, 2]
[1641, 20, 2]
[754, 496, 20]
[342, 1485, 6]
[542, 1556, 3]
[516, 1109, 2]
[167, 648, 2]
[92, 1608, 3]
[1210, 1434, 4]
[1273, 1737, 2]
[44, 452, 3]
[1, 1127, 2]
[484, 1804, 2]
[92, 542, 2]
[1753, 1158, 2]
[1897, 82, 2]
[1939, 615, 2]
[926, 0, 2]
[48, 850, 2]
[1834, 51, 6]
[1276, 1233, 3]
[145, 711, 2]
[1002, 92, 44]
[1050, 318, 2]
[5, 1795, 2]
[510, 1659, 2]
[897, 1764, 2]
[1804, 1698, 2]
[1974, 1644, 10]
[515, 1698, 3]
[963, 1341, 2]
[442, 1408, 2]
[225, 322, 4]
[342, 896, 6]
[1250, 508, 2]
[1904, 167, 2]
[1881, 1439, 2]
[1366, 1478, 2]
[258, 1522, 2]
[1656, 1205, 2]
[1398, 47, 2]
[1690, 22, 2]
[1164, 402, 2]
[3, 978, 2]
[47, 1577, 2]
[785, 1154, 2]
[754, 524, 54]
[2033, 1620, 4]
[1621, 700, 2]
[1846, 971, 4]
[342, 1956, 2]
[1199, 1198, 2]
[1002, 0, 3]
[11, 1529, 2]
[1909, 502, 7]
[663, 1890, 2]
[139, 76, 2]
[1890, 1781, 2]
[1902, 522, 2]
[259, 129, 2]
[1500, 1161, 2]
[920, 1493, 6]
[648, 387, 4]
[1904, 576, 2]
[907, 1572, 2]
[1645, 1758, 2]
[1, 960, 2]
[408, 1912, 3]
[422, 1910, 2]
[802, 1054, 3]
[1351, 1272, 2]
[829, 754, 3]
[812, 1636, 12]
[903, 5, 2]
[1116, 225, 3]
[1344, 118, 2]
[1784, 0, 9]
[1881, 2019, 2]
[1178, 857, 2]
[342, 918, 3]
[1549, 1064, 2]
[1812, 0, 2]
[253, 307, 2]
[469, 106, 3]
[1753, 1297, 2]
[1411, 1890, 2]
[1379, 1417, 2]
[1158, 523, 2]
[949, 1192, 3]
[760, 112, 2]
[1807, 828, 2]
[2012, 725, 2]
[1838, 1847, 3]
[1946, 1789, 2]
[325, 1247, 2]
[982, 1155, 2]
[1432, 237, 3]
[1773, 1002, 9]
[1029, 379, 6]
[829, 755, 3]
[959, 516, 2]
[561, 370, 2]
[1346, 118, 2]
[1205, 1341, 2]
[1946, 1939, 2]
[65, 1530, 5]
[422, 350, 3]
[1558, 386, 3]
[1626, 524, 3]
[550, 1164, 2]
[84, 746, 3]
[1373, 1461, 2]
[524, 524, 2]
[1584, 1923, 2]
[1251, 1148, 2]
[1517, 1162, 3]
[1262, 72, 3]
[15, 715, 2]
[888, 75, 2]
[1553, 459, 2]
[93, 496, 3]
[1930, 1857, 2]
[314, 1945, 2]
[370, 243, 2]
[96, 93, 3]
[1668, 1288, 3]
[726, 854, 2]
[272, 1865, 2]
[1946, 898, 4]
[1226, 641, 3]
[1742, 1154, 2]
[1731, 1692, 2]
[483, 20, 2]
[1165, 356, 5]
[1210, 1127, 2]
[524, 829, 3]
[277, 1200, 2]
[1721, 1287, 5]
[68, 1759, 2]
[429, 246, 2]
[1880, 733, 2]
[1148, 236, 2]
[161, 958, 2]
[1002, 907, 6]
[1660, 281, 3]
[1032, 1031, 2]
[682, 1014, 3]
[479, 640, 2]
[535, 1553, 2]
[757, 1651, 4]
[327, 302, 3]
[485, 1210, 7]
[1861, 219, 2]
[959, 1328, 2]
[349, 1281, 2]
[43, 1402, 2]
[462, 1002, 4]
[794, 561, 4]
[280, 108, 2]
[1074, 1374, 2]
[800, 1862, 2]
[1801, 1890, 2]
[387, 754, 2]
[1792, 161, 2]
[940, 1764, 2]
[1488, 829, 2]
[1520, 1398, 2]
[1655, 1430, 2]
[1727, 1205, 2]
[2011, 825, 2]
[2011, 829, 2]
[1745, 1795, 2]
[256, 1056, 2]
[857, 1962, 2]
[52, 1574, 2]
[896, 342, 2]
[1634, 1766, 5]
[898, 1116, 2]
[743, 440, 7]
[1698, 1297, 2]
[1946, 829, 3]
[225, 258, 2]
[1025, 1725, 2]
[28, 1898, 2]
[542, 721, 2]
[164, 2050, 2]
[302, 1901, 3]
[1329, 359, 2]
[350, 1904, 3]
[1890, 565, 2]
[689, 728, 2]
[960, 960, 2]
[1093, 156, 2]
[188, 1751, 2]
[1732, 1922, 2]
[1855, 483, 2]
[736, 499, 3]
[446, 1750, 2]
[1279, 1279, 3]
[645, 1787, 2]
[1903, 1467, 3]
[342, 1556, 3]
[615, 1067, 3]
[1200, 1120, 2]
[411, 542, 2]
[225, 726, 2]
[2012, 1076, 2]
[180, 719, 2]
[68, 598, 2]
[1429, 586, 2]
[2021, 1711, 2]
[542, 1604, 3]
[638, 1788, 4]
[1243, 1350, 2]
[1699, 1890, 15]
[387, 167, 2]
[402, 852, 2]
[50, 344, 4]
[1904, 516, 3]
[342, 0, 27]
[545, 1691, 2]
[426, 501, 4]
[1961, 1904, 3]
[225, 1829, 2]
[1302, 661, 2]
[1792, 1284, 3]
[1896, 584, 3]
[370, 1586, 2]
[211, 542, 3]
[435, 435, 3]
[318, 708, 2]
[1259, 542, 2]
[1817, 1431, 4]
[542, 1889, 3]
[202, 283, 3]
[1986, 1359, 2]
[142, 478, 2]
[112, 1002, 3]
[621, 379, 2]
[1460, 1193, 3]
[298, 1960, 2]
[542, 586, 2]
[1601, 896, 5]
[387, 225, 2]
[1140, 1480, 2]
[1441, 1384, 2]
[157, 1930, 2]
[92, 684, 2]
[84, 0, 3]
[1061, 991, 2]
[1443, 392, 2]
[1054, 1784, 2]
[15, 526, 3]
[370, 1103, 3]
[1904, 502, 3]
[1558, 524, 8]
[2036, 30, 2]
[2026, 542, 3]
[1803, 160, 2]
[2052, 1834, 4]
[857, 1206, 4]
[524, 0, 3]
[1814, 908, 2]
[1739, 1210, 2]
[1789, 1384, 2]
[1, 160, 2]
[496, 435, 4]
[1445, 1098, 2]
[473, 895, 2]
[554, 1375, 2]
[1260, 1753, 2]
[435, 796, 3]
[387, 1832, 3]
[188, 496, 5]
[1737, 1661, 2]
[1499, 1472, 4]
[69, 252, 2]
[1677, 1066, 2]
[342, 743, 4]
[1792, 1796, 2]
[773, 1384, 2]
[167, 167, 4]
[1980, 46, 2]
[1644, 829, 3]
[178, 607, 2]
[47, 325, 2]
[1313, 303, 2]
[1002, 1467, 6]
[63, 669, 2]
[1904, 527, 2]
[1620, 724, 9]
[652, 265, 2]
[830, 585, 2]
[392, 806, 2]
[670, 1558, 2]
[1614, 494, 3]
[1555, 675, 2]
[1589, 435, 2]
[496, 2019, 2]
[1549, 1890, 2]
[2046, 1002, 2]
[1155, 600, 3]
[462, 1088, 2]
[1558, 526, 2]
[1187, 62, 2]
[258, 889, 2]
[679, 960, 4]
[1501, 542, 2]
[1937, 302, 2]
[423, 1585, 2]
[1220, 682, 3]
[1202, 542, 2]
[1852, 118, 2]
[829, 1558, 19]
[417, 1154, 2]
[527, 502, 2]
[1158, 861, 2]
[1296, 1996, 2]
[237, 1677, 3]
[397, 1126, 2]
[181, 180, 2]
[875, 345, 2]
[2020, 318, 2]
[809, 787, 3]
[792, 1731, 2]
[1284, 394, 3]
[706, 1637, 6]
[510, 1442, 2]
[1882, 1908, 3]
[523, 523, 2]
[1890, 1134, 2]
[1002, 727, 4]
[1938, 368, 2]
[797, 865, 3]
[1272, 1445, 2]
[207, 340, 2]
[585, 959, 2]
[1776, 78, 2]
[1445, 81, 3]
[542, 158, 2]
[524, 1272, 4]
[69, 715, 2]
[1939, 1108, 2]
[582, 1817, 2]
[796, 1711, 3]
[1272, 1148, 2]
[959, 183, 2]
[342, 432, 3]
[1231, 542, 11]
[231, 682, 2]
[1890, 1002, 23]
[1131, 1946, 2]
[1114, 1699, 2]
[1002, 785, 2]
[1054, 1194, 2]
[913, 136, 2]
[848, 435, 3]
[759, 1079, 2]
[229, 1947, 2]
[1208, 1970, 2]
[1315, 2014, 3]
[1365, 1522, 2]
[785, 1784, 2]
[1753, 2010, 2]
[1191, 342, 4]
[1855, 305, 2]
[259, 1403, 2]
[842, 847, 2]
[187, 1739, 2]
[1195, 1462, 4]
[1289, 354, 2]
[258, 2012, 2]
[1201, 1776, 2]
[1925, 1924, 2]
[225, 976, 2]
[1002, 959, 3]
[1790, 1313, 2]
[557, 1476, 2]
[1064, 1773, 4]
[1556, 815, 3]
[387, 1558, 2]
[1002, 1984, 2]
[1416, 342, 3]
[1, 2006, 4]
[507, 526, 2]
[242, 1107, 3]
[1701, 1432, 2]
[785, 1890, 2]
[1907, 868, 2]
[628, 1296, 3]
[1558, 1219, 2]
[669, 1629, 4]
[1272, 648, 2]
[1325, 1164, 2]
[516, 515, 10]
[225, 1752, 4]
[225, 1087, 2]
[1273, 1037, 2]
[812, 1703, 2]
[1030, 2041, 3]
[878, 1753, 2]
[451, 1572, 2]
[524, 1856, 5]
[248, 1002, 8]
[1361, 1909, 2]
[1467, 920, 2]
[889, 889, 3]
[1206, 1257, 2]
[1272, 1973, 2]
[1002, 68, 6]
[715, 1788, 2]
[691, 871, 2]
[542, 67, 2]
[225, 1168, 4]
[1452, 849, 2]
[1745, 1296, 2]
[600, 8, 3]
[225, 769, 2]
[81, 1784, 2]
[1168, 1361, 10]
[1919, 957, 3]
[324, 825, 2]
[1448, 9, 2]
[108, 1675, 3]
[1946, 229, 2]
[1178, 156, 2]
[1422, 361, 2]
[1694, 1738, 2]
[1272, 959, 5]
[1412, 1583, 2]
[1119, 1903, 3]
[1219, 1114, 2]
[99, 525, 2]
[825, 1674, 2]
[327, 516, 2]
[690, 69, 2]
[812, 1817, 2]
[342, 679, 2]
[1858, 928, 2]
[1146, 116, 2]
[1764, 120, 11]
[901, 1978, 2]
[1140, 754, 3]
[118, 698, 2]
[1937, 1677, 2]
[1937, 258, 2]
[1730, 342, 3]
[201, 1619, 2]
[702, 1780, 3]
[470, 1063, 2]
[1272, 1155, 2]
[81, 1355, 2]
[1432, 2011, 2]
[524, 422, 3]
[1978, 1988, 2]
[812, 254, 2]
[648, 222, 9]
[962, 1486, 4]
[1572, 436, 2]
[524, 1247, 2]
[1875, 1875, 4]
[258, 1444, 3]
[1467, 1826, 2]
[784, 1420, 2]
[179, 275, 2]
[88, 1848, 2]
[1778, 1582, 2]
[1740, 1904, 2]
[393, 1890, 2]
[566, 1561, 9]
[516, 613, 2]
[515, 959, 15]
[1918, 1182, 2]
[732, 1670, 2]
[1890, 241, 4]
[1929, 248, 3]
[826, 46, 2]
[1558, 344, 2]
[1737, 1122, 2]
[627, 1287, 2]
[67, 598, 2]
[1955, 342, 3]
[1708, 1977, 2]
[713, 1758, 2]
[1733, 542, 3]
[1158, 1158, 2]
[627, 178, 2]
[1510, 1101, 2]
[896, 225, 2]
[260, 983, 2]
[959, 356, 2]
[578, 1733, 2]
[1464, 1296, 3]
[1126, 1007, 2]
[1163, 183, 10]
[1890, 253, 3]
[891, 1365, 2]
[1028, 941, 2]
[253, 1890, 2]
[435, 1830, 3]
[666, 1154, 2]
[1792, 1908, 3]
[542, 1984, 3]
[1462, 38, 2]
[1855, 1346, 2]
[1878, 542, 13]
[571, 1570, 2]
[1800, 2049, 2]
[154, 233, 2]
[10, 1254, 3]
[1935, 1178, 6]
[1355, 1366, 3]
[1339, 1472, 2]
[2012, 635, 5]
[599, 68, 2]
[794, 1329, 2]
[1504, 1045, 2]
[1362, 1752, 4]
[988, 997, 2]
[785, 1445, 3]
[1806, 850, 4]
[92, 83, 27]
[939, 1924, 4]
[1248, 1287, 2]
[342, 613, 3]
[1152, 1901, 2]
[542, 0, 36]
[1908, 1737, 2]
[715, 955, 2]
[480, 875, 2]
[1126, 2033, 9]
[216, 342, 5]
[561, 1946, 2]
[125, 217, 4]
[504, 277, 2]
[407, 253, 4]
[907, 773, 3]
[1889, 842, 2]
[629, 656, 2]
[1558, 236, 2]
[2021, 1359, 2]
[1784, 1033, 4]
[1693, 1622, 2]
[1437, 0, 2]
[817, 1955, 3]
[1558, 1455, 2]
[843, 300, 2]
[2014, 1407, 2]
[1046, 274, 2]
[1558, 1558, 7]
[1759, 1027, 2]
[252, 27, 2]
[714, 1975, 5]
[1753, 940, 2]
[45, 615, 2]
[1119, 239, 2]
[532, 1854, 5]
[1415, 8, 2]
[487, 724, 2]
[344, 794, 2]
[1890, 370, 3]
[1983, 1296, 3]
[51, 342, 5]
[516, 526, 2]
[115, 1901, 2]
[857, 1459, 3]
[576, 829, 2]
[1051, 1558, 2]
[1103, 1744, 3]
[1855, 1946, 2]
[619, 387, 6]
[1828, 1714, 2]
[1158, 397, 2]
[682, 660, 3]
[1542, 1368, 2]
[1391, 829, 2]
[1359, 64, 2]
[1507, 1347, 2]
[682, 1002, 3]
[1355, 557, 6]
[1532, 1335, 2]
[405, 258, 2]
[630, 1391, 2]
[959, 1346, 2]
[1020, 102, 2]
[146, 229, 2]
[1081, 574, 3]
[267, 1984, 13]
[342, 185, 2]
[1706, 1078, 2]
[261, 1490, 2]
[812, 1928, 4]
[1946, 258, 4]
[771, 35, 2]
[1366, 1728, 3]
[515, 398, 2]
[829, 68, 2]
[993, 534, 4]
[757, 131, 2]
[1856, 387, 2]
[1432, 1489, 2]
[1852, 370, 4]
[1828, 1702, 2]
[1281, 601, 6]
[1554, 1549, 2]
[527, 1205, 2]
[2043, 1686, 2]
[1060, 715, 3]
[597, 1205, 2]
[1724, 436, 2]
[5, 375, 2]
[1296, 15, 3]
[165, 1728, 2]
[1784, 857, 4]
[1534, 502, 2]
[407, 562, 2]
[1541, 1035, 2]
[1353, 89, 2]
[1002, 430, 2]
[648, 527, 9]
[1871, 899, 3]
[115, 1234, 2]
[231, 249, 2]
[769, 619, 5]
[898, 829, 2]
[1310, 165, 2]
[871, 850, 2]
[133, 269, 2]
[213, 211, 3]
[996, 901, 2]
[605, 468, 2]
[1780, 802, 2]
[1205, 337, 2]
[952, 942, 2]
[870, 1126, 2]
[1, 989, 4]
[342, 1612, 2]
[1854, 1849, 5]
[136, 342, 3]
[907, 1441, 2]
[167, 1283, 2]
[1210, 746, 3]
[31, 798, 2]
[342, 716, 6]
[98, 813, 4]
[1205, 66, 2]
[302, 1050, 2]
[496, 8, 2]
[342, 1002, 2]
[1, 1079, 3]
[237, 560, 2]
[258, 1859, 2]
[270, 273, 2]
[1058, 1029, 2]
[542, 1818, 5]
[406, 1002, 2]
[2010, 635, 3]
[2010, 805, 2]
[1429, 1597, 2]
[1054, 1950, 3]
[1361, 102, 2]
[1669, 208, 2]
[8, 1002, 2]
[1273, 1264, 2]
[1865, 542, 3]
[1170, 1108, 3]
[1445, 715, 2]
[488, 917, 2]
[1737, 1369, 2]
[1552, 1002, 2]
[1117, 953, 2]
[436, 1719, 6]
[785, 1206, 2]
[627, 1791, 2]
[2005, 106, 2]
[150, 1027, 2]
[981, 1229, 3]
[1643, 85, 2]
[1, 699, 2]
[724, 1872, 2]
[1770, 1737, 7]
[1002, 67, 5]
[1997, 1480, 2]
[347, 902, 2]
[229, 259, 3]
[1890, 1324, 11]
[302, 1673, 2]
[542, 1118, 2]
[785, 726, 5]
[829, 225, 2]
[1000, 1105, 2]
[174, 1526, 2]
[273, 251, 2]
[682, 580, 2]
[107, 1219, 2]
[342, 342, 8]
[959, 1075, 2]
[1305, 342, 3]
[391, 396, 2]
[794, 889, 2]
[233, 1546, 2]
[1321, 32, 2]
[1171, 341, 2]
[499, 2014, 27]
[677, 1522, 2]
[1420, 1233, 3]
[1144, 342, 6]
[61, 84, 21]
[653, 342, 14]
[1474, 522, 2]
[918, 0, 2]
[1935, 614, 2]
[960, 1232, 2]
[1651, 338, 2]
[496, 1566, 2]
[1384, 1355, 3]
[1976, 1833, 2]
[1813, 1886, 3]
[587, 1483, 2]
[1341, 1815, 2]
[1558, 754, 7]
[458, 462, 2]
[810, 1716, 2]
[225, 344, 5]
[1938, 557, 3]
[1434, 8, 7]
[1939, 1385, 2]
[141, 524, 2]
[225, 469, 2]
[959, 67, 2]
[83, 1958, 3]
[1796, 1054, 2]
[1444, 995, 2]
[183, 1014, 3]
[902, 387, 2]
[538, 1284, 9]
[294, 891, 2]
[68, 703, 3]
[25, 344, 3]
[1287, 826, 2]
[1151, 1890, 2]
[2007, 542, 2]
[8, 469, 2]
[1118, 1446, 2]
[648, 524, 19]
[905, 965, 2]
[318, 496, 2]
[1002, 1658, 4]
[101, 1138, 2]
[1444, 1904, 2]
[458, 1088, 3]
[1100, 1904, 2]
[634, 615, 3]
[1158, 125, 3]
[1060, 1083, 2]
[346, 258, 2]
[1710, 1322, 2]
[1410, 1752, 2]
[308, 966, 2]
[593, 1852, 2]
[1234, 825, 3]
[303, 1790, 2]
[1213, 1002, 2]
[1602, 896, 2]
[1542, 1468, 2]
[524, 370, 3]
[1904, 891, 2]
[26, 349, 2]
[322, 1116, 2]
[1336, 728, 2]
[1767, 435, 3]
[927, 1071, 2]
[280, 613, 2]
[697, 1017, 3]
[108, 236, 2]
[844, 1631, 2]
[1257, 542, 9]
[12, 542, 8]
[1054, 1286, 5]
[157, 194, 2]
[1209, 1094, 2]
[799, 81, 2]
[1939, 259, 4]
[1112, 83, 7]
[620, 2010, 2]
[1242, 492, 2]
[1385, 1761, 2]
[53, 1668, 7]
[1855, 648, 5]
[1279, 0, 2]
[748, 2021, 2]
[787, 432, 2]
[1059, 757, 2]
[1129, 1890, 2]
[42, 0, 4]
[1773, 850, 2]
[232, 1971, 2]
[1272, 754, 5]
[1893, 1081, 2]
[1467, 75, 3]
[829, 881, 2]
[1901, 1474, 2]
[1803, 0, 2]
[869, 1944, 9]
[466, 1168, 2]
[1405, 542, 4]
[1779, 1947, 2]
[844, 976, 2]
[1578, 258, 2]
[2040, 178, 2]
[1658, 1054, 2]
[312, 1019, 3]
[999, 318, 2]
[901, 1997, 3]
[955, 594, 2]
[370, 1553, 21]
[649, 1679, 2]
[525, 1013, 2]
[1097, 460, 3]
[1, 75, 2]
[67, 857, 2]
[560, 167, 2]
[342, 723, 2]
[1592, 225, 2]
[438, 301, 2]
[1596, 342, 2]
[1651, 1300, 2]
[1906, 1831, 2]
[524, 1384, 2]
[337, 1782, 2]
[559, 1012, 2]
[705, 1406, 2]
[75, 866, 7]
[1660, 1154, 3]
[325, 1798, 2]
[1966, 1562, 3]
[1420, 1858, 3]
[1355, 655, 2]
[1427, 0, 2]
[1146, 670, 2]
[1714, 1986, 2]
[108, 920, 2]
[808, 1684, 4]
[407, 342, 2]
[1638, 830, 2]
[1361, 794, 4]
[866, 342, 7]
[936, 633, 3]
[1212, 342, 9]
[1904, 550, 2]
[231, 1582, 2]
[1203, 279, 3]
[961, 1916, 5]
[788, 2028, 2]
[1104, 1105, 2]
[1855, 1326, 2]
[342, 1337, 2]
[1406, 1405, 4]
[2021, 1658, 2]
[1696, 1939, 4]
[1745, 1591, 7]
[393, 542, 3]
[829, 524, 7]
[1173, 393, 3]
[520, 1557, 3]
[1891, 1255, 2]
[2014, 746, 3]
[365, 1508, 2]
[156, 232, 2]
[503, 1752, 2]
[959, 1158, 3]
[342, 1918, 2]
[268, 1296, 2]
[1179, 1767, 11]
[1588, 1973, 2]
[812, 1820, 2]
[1558, 469, 5]
[862, 736, 3]
[586, 0, 2]
[542, 92, 6]
[1, 744, 2]
[33, 989, 2]
[942, 932, 3]
[479, 703, 2]
[1946, 259, 3]
[1113, 20, 3]
[137, 0, 2]
[1296, 1839, 2]
[252, 750, 2]
[903, 397, 2]
[1291, 744, 2]
[1581, 118, 2]
[1558, 1169, 2]
[24, 1337, 2]
[1522, 1296, 2]
[241, 1538, 2]
[102, 294, 2]
[1205, 231, 2]
[1300, 630, 2]
[1727, 726, 2]
[1650, 766, 2]
[773, 1521, 3]
[8, 1365, 2]
[362, 898, 2]
[1470, 435, 3]
[374, 1210, 2]
[542, 1010, 2]
[1054, 1222, 3]
[1720, 1804, 2]
[660, 1296, 2]
[1376, 754, 2]
[370, 2014, 2]
[704, 2001, 4]
[1782, 1272, 2]
[468, 553, 3]
[542, 58, 3]
[1773, 853, 2]
[1219, 1195, 4]
[1558, 1674, 2]
[157, 2008, 2]
[1758, 25, 2]
[1804, 1253, 2]
[323, 666, 2]
[1581, 1054, 2]
[167, 1558, 3]
[1222, 1320, 3]
[542, 321, 2]
[524, 648, 4]
[1383, 1662, 4]
[1, 123, 3]
[247, 845, 2]
[1651, 231, 2]
[675, 1404, 2]
[1825, 1752, 2]
[1851, 1116, 2]
[313, 1097, 2]
[1605, 898, 3]
[1749, 709, 3]
[557, 695, 2]
[1336, 685, 2]
[1898, 389, 2]
[1417, 481, 3]
[342, 252, 2]
[2028, 542, 2]
[1538, 1153, 4]
[2010, 516, 2]
[1783, 24, 2]
[1331, 1541, 2]
[1821, 926, 3]
[794, 891, 2]
[872, 1588, 2]
[1047, 651, 2]
[335, 1734, 2]
[274, 104, 2]
[387, 1752, 2]
[83, 939, 4]
[959, 143, 2]
[1572, 1163, 2]
[614, 1383, 2]
[1102, 1632, 3]
[805, 618, 2]
[347, 1001, 2]
[1054, 1540, 2]
[815, 342, 4]
[720, 748, 2]
[618, 1647, 2]
[1194, 1074, 2]
[847, 616, 2]
[387, 302, 5]
[84, 1119, 3]
[981, 2035, 3]
[653, 1165, 5]
[1743, 629, 2]
[67, 1355, 4]
[1296, 642, 2]
[1932, 412, 2]
[1987, 757, 2]
[1219, 1059, 2]
[1561, 1900, 9]
[342, 1467, 6]
[1558, 1146, 6]
[1421, 1904, 2]
[66, 1422, 2]
[989, 1484, 4]
[888, 918, 2]
[188, 524, 2]
[585, 1158, 2]
[1558, 167, 2]
[1, 721, 3]
[576, 387, 4]
[127, 1117, 2]
[855, 542, 3]
[258, 898, 2]
[1498, 1500, 2]
[1171, 432, 2]
[572, 368, 2]
[1444, 484, 2]
[1549, 1261, 2]
[453, 1890, 3]
[1855, 2005, 3]
[792, 1692, 2]
[1553, 1097, 3]
[515, 585, 2]
[496, 1667, 3]
[155, 144, 2]
[357, 463, 2]
[1503, 1306, 2]
[592, 893, 2]
[275, 104, 2]
[615, 577, 2]
[1472, 871, 4]
[237, 1752, 3]
[1471, 515, 2]
[1789, 725, 2]
[1332, 1743, 2]
[1036, 994, 6]
[1946, 228, 2]
[317, 1737, 2]
[449, 1747, 2]
[435, 364, 2]
[443, 306, 2]
[1272, 1136, 2]
[1441, 64, 2]
[1908, 1204, 3]
[1717, 480, 2]
[812, 366, 3]
[429, 888, 2]
[1038, 1590, 2]
[1116, 1014, 2]
[330, 1542, 2]
[1367, 1009, 2]
[1016, 1781, 2]
[912, 1932, 2]
[970, 1002, 5]
[977, 112, 3]
[509, 2010, 4]
[342, 1078, 8]
[165, 1592, 2]
[1190, 1002, 2]
[64, 1272, 3]
[167, 8, 3]
[1641, 520, 4]
[2014, 866, 2]
[1607, 1296, 2]
[1877, 1966, 2]
[586, 2012, 2]
[900, 1175, 2]
[1627, 264, 2]
[156, 237, 3]
[1085, 1635, 4]
[124, 344, 2]
[666, 482, 2]
[1781, 873, 2]
[1207, 201, 2]
[1884, 516, 4]
[1842, 167, 6]
[1297, 2036, 2]
[2014, 1002, 3]
[36, 1804, 2]
[1811, 1110, 2]
[1272, 1788, 3]
[199, 728, 3]
[1841, 1736, 2]
[210, 1002, 2]
[1648, 456, 4]
[989, 989, 4]
[258, 829, 2]
[1890, 843, 3]
[1558, 387, 18]
[982, 785, 2]
[1997, 403, 10]
[499, 1002, 10]
[1516, 1002, 2]
[595, 1946, 2]
[370, 615, 3]
[316, 358, 2]
[1418, 1390, 4]
[1115, 1494, 3]
[435, 1386, 3]
[1752, 2010, 2]
[1031, 59, 2]
[249, 1185, 2]
[204, 542, 3]
[1370, 1736, 13]
[542, 929, 3]
[896, 1355, 2]
[1197, 1580, 4]
[258, 1752, 3]
[1684, 488, 4]
[1147, 1252, 2]
[342, 1030, 2]
[1622, 1432, 2]
[641, 407, 2]
[35, 1384, 2]
[246, 626, 2]
[1, 1999, 3]
[1010, 244, 2]
[1889, 766, 2]
[758, 1966, 4]
[1964, 1272, 2]
[1034, 542, 7]
[342, 1602, 2]
[8, 1891, 6]
[846, 1658, 2]
[352, 729, 3]
[699, 542, 2]
[81, 0, 2]
[676, 272, 2]
[1795, 367, 2]
[1298, 225, 2]
[1387, 886, 2]
[342, 2021, 3]
[1154, 1523, 2]
[56, 781, 2]
[1293, 750, 2]
[126, 214, 2]
[1316, 1991, 3]
[1659, 138, 2]
[812, 277, 2]
[1346, 1639, 2]
[816, 1596, 3]
[648, 502, 2]
[659, 1735, 2]
[1431, 825, 4]
[427, 424, 4]
[1126, 716, 4]
[2021, 599, 2]
[1359, 829, 2]
[703, 1280, 2]
[708, 1260, 2]
[1855, 1421, 2]
[496, 1971, 2]
[1011, 719, 2]
[1453, 1845, 2]
[1835, 1311, 3]
[518, 17, 2]
[376, 1751, 8]
[812, 768, 3]
[1073, 993, 2]
[499, 1903, 23]
[390, 457, 2]
[564, 1878, 9]
[302, 243, 2]
[2009, 1680, 2]
[682, 762, 2]
[916, 2044, 2]
[856, 1233, 2]
[1326, 810, 2]
[1764, 524, 6]
[171, 2048, 2]
[342, 1215, 2]
[1130, 54, 2]
[225, 38, 2]
[194, 1457, 2]
[812, 758, 2]
[490, 1342, 2]
[858, 863, 2]
[1015, 1639, 2]
[849, 1558, 2]
[1095, 1890, 3]
[496, 524, 11]
[1272, 156, 3]
[39, 1576, 2]
[1419, 1262, 4]
[1268, 1132, 2]
[1639, 1164, 2]
[703, 1283, 2]
[1, 158, 2]
[605, 237, 4]
[1024, 137, 3]
[544, 544, 2]
[889, 1168, 2]
[1361, 220, 2]
[1784, 1498, 2]
[1145, 542, 3]
[1107, 546, 3]
[2013, 1289, 2]
[812, 566, 3]
[587, 606, 2]
[1862, 1536, 4]
[1154, 1961, 2]
[973, 1781, 2]
[1387, 237, 2]
[687, 879, 2]
[200, 777, 2]
[1533, 982, 10]
[1826, 564, 2]
[1960, 820, 2]
[1640, 317, 2]
[542, 694, 2]
[1736, 765, 2]
[825, 360, 3]
[642, 554, 2]
[542, 1706, 2]
[225, 829, 4]
[1426, 1558, 3]
[618, 0, 5]
[1705, 704, 4]
[1050, 773, 2]
[1002, 1982, 3]
[2019, 496, 2]
[2050, 276, 3]
[565, 1890, 3]
[34, 1372, 2]
[2048, 342, 3]
[542, 2006, 2]
[271, 1155, 2]
[1168, 525, 2]
[416, 342, 2]
[1794, 1558, 3]
[26, 726, 2]
[1121, 370, 2]
[1905, 1778, 2]
[1874, 542, 2]
[1079, 768, 5]
[542, 1291, 2]
[1761, 1558, 2]
[1219, 1941, 3]
[1362, 342, 6]
[123, 566, 6]
[951, 867, 2]
[474, 150, 2]
[1225, 1054, 2]
[88, 542, 2]
[1, 1315, 2]
[542, 1784, 3]
[1493, 899, 6]
[1296, 120, 2]
[1025, 1505, 2]
[915, 2018, 2]
[1566, 884, 2]
[1530, 1853, 2]
[1482, 183, 2]
[378, 2005, 2]
[1646, 1913, 2]
[57, 329, 2]
[824, 542, 4]
[1989, 441, 2]
[1272, 524, 3]
[524, 1376, 2]
[1741, 1778, 3]
[109, 1584, 2]
[72, 1419, 4]
[668, 1093, 2]
[1062, 1345, 2]
[1483, 658, 2]
[435, 502, 3]
[1859, 1572, 2]
[1287, 1974, 3]
[437, 1270, 2]
[1984, 113, 3]
[342, 51, 2]
[1558, 1990, 2]
[524, 1421, 3]
[258, 1449, 2]
[1252, 1984, 3]
[1345, 379, 2]
[1272, 1792, 5]
[1518, 1989, 2]
[888, 582, 2]
[1474, 1245, 2]
[327, 1591, 5]
[22, 365, 2]
[183, 1506, 2]
[247, 1443, 2]
[486, 857, 2]
[506, 1231, 2]
[65, 65, 2]
[821, 404, 2]
[585, 1793, 4]
[102, 1872, 3]
[342, 1317, 2]
[1078, 1579, 3]
[520, 1718, 2]
[573, 833, 2]
[1432, 524, 2]
[813, 402, 2]
[1361, 1784, 2]
[1473, 1890, 13]
[1138, 542, 5]
[524, 397, 2]
[1784, 24, 38]
[511, 258, 2]
[1108, 1065, 4]
[1002, 1233, 62]
[1174, 155, 2]
[1998, 1276, 2]
[1180, 469, 4]
[1370, 1745, 2]
[516, 209, 2]
[258, 1531, 3]
[1513, 1177, 3]
[1244, 754, 2]
[850, 92, 3]
[159, 542, 4]
[429, 1497, 2]
[1021, 1189, 2]
[112, 1903, 2]
[1909, 794, 2]
[1984, 486, 17]
[940, 120, 2]
[1544, 1435, 2]
[898, 229, 2]
[227, 1421, 2]
[542, 1467, 7]
[1008, 959, 2]
[898, 225, 27]
[1553, 1890, 3]
[1971, 1370, 5]
[1815, 1969, 2]
[1522, 1116, 3]
[783, 1296, 2]
[1097, 1890, 4]
[785, 1708, 2]
[823, 2045, 2]
[58, 1227, 2]
[1651, 2012, 2]
[542, 1642, 2]
[1317, 419, 2]
[1079, 683, 3]
[1445, 1243, 2]
[188, 188, 2]
[1849, 943, 4]
[841, 1366, 2]
[1982, 848, 3]
[1936, 1014, 12]
[1168, 1784, 2]
[1318, 439, 2]
[120, 255, 2]
[1752, 190, 2]
[430, 1699, 3]
[390, 1002, 2]
[542, 800, 2]
[414, 340, 2]
[553, 422, 3]
[918, 851, 2]
[1752, 1794, 3]
[1384, 1033, 2]
[1272, 1272, 3]
[549, 1381, 2]
[542, 1501, 3]
[1261, 535, 2]
[1824, 1960, 2]
[1651, 1299, 2]
[167, 1387, 4]
[1748, 113, 2]
[542, 1377, 2]
[517, 1964, 3]
[392, 648, 9]
[183, 1364, 2]
[1582, 1364, 7]
[956, 362, 2]
[252, 846, 2]
[1677, 1554, 2]
[1436, 195, 2]
[753, 510, 2]
[1698, 988, 2]
[173, 1382, 2]
[1254, 542, 3]
[77, 875, 2]
[616, 888, 2]
[927, 927, 2]
[1917, 88, 2]
[1588, 118, 2]
[1219, 763, 2]
[1892, 1860, 2]
[1564, 1946, 2]
[1890, 338, 2]
[744, 811, 2]
[871, 1773, 9]
[1210, 61, 3]
[603, 396, 2]
[762, 1080, 2]
[276, 152, 3]
[959, 1935, 2]
[1158, 69, 2]
[100, 1558, 2]
[1433, 0, 2]
[1146, 177, 2]
[1905, 1102, 3]
[898, 1677, 2]
[1707, 319, 2]
[972, 760, 4]
[1683, 338, 2]
[120, 682, 2]
[1558, 593, 4]
[1457, 1765, 2]
[524, 1093, 2]
[102, 1939, 3]
[1997, 526, 2]
[370, 285, 2]
[857, 1334, 2]
[585, 1904, 2]
[1752, 516, 2]
[1002, 1365, 2]
[950, 1265, 3]
[2006, 1928, 12]
[1624, 663, 2]
[1, 1485, 3]
[542, 785, 2]
[83, 1145, 2]
[979, 406, 2]
[385, 825, 2]
[1774, 825, 2]
[1744, 1695, 3]
[829, 1025, 2]
[1277, 896, 2]
[1675, 1664, 3]
[1358, 1985, 2]
[1997, 479, 2]
[1796, 1414, 8]
[225, 1086, 3]
[91, 1558, 2]
[415, 44, 2]
[1619, 834, 2]
[215, 1980, 2]
[515, 392, 9]
[258, 1784, 3]
[334, 342, 3]
[1526, 575, 2]
[1784, 785, 9]
[176, 531, 2]
[1075, 1753, 2]
[1872, 1382, 6]
[1389, 838, 3]
[1864, 542, 2]
[868, 424, 15]
[496, 1050, 2]
[225, 1272, 3]
[2021, 68, 3]
[288, 108, 2]
[850, 284, 3]
[1981, 1784, 2]
[992, 1890, 3]
[496, 527, 4]
[1223, 1808, 12]
[1282, 1997, 3]
[165, 1512, 4]
[1984, 1473, 13]
[338, 198, 2]
[224, 167, 3]
[271, 366, 5]
[2025, 857, 2]
[1939, 258, 25]
[1203, 625, 3]
[475, 496, 3]
[160, 1517, 2]
[1556, 1049, 2]
[1559, 1188, 2]
[1108, 258, 2]
[1361, 1558, 3]
[1558, 1467, 3]
[1588, 1522, 2]
[435, 1316, 6]
[1338, 1627, 2]
[1558, 648, 2]
[376, 114, 2]
[1587, 61, 3]
[1219, 1163, 2]
[985, 523, 3]
[489, 1746, 5]
[663, 1594, 2]
[1775, 258, 2]
[1886, 752, 4]
[1178, 615, 2]
[1839, 323, 2]
[1659, 1992, 2]
[147, 1233, 2]
[682, 1233, 2]
[877, 225, 2]
[672, 167, 2]
[651, 1008, 3]
[1196, 719, 5]
[144, 648, 2]
[591, 1109, 2]
[1913, 542, 9]
[1401, 1239, 2]
[917, 808, 4]
[1500, 1111, 2]
[1341, 1252, 4]
[2008, 68, 2]
[1565, 129, 2]
[1002, 1219, 3]
[20, 702, 3]
[1904, 524, 5]
[698, 1677, 2]
[1658, 736, 2]
[481, 157, 10]
[1005, 1157, 2]
[542, 1149, 7]
[995, 1549, 2]
[1296, 1061, 2]
[542, 737, 5]
[626, 1722, 2]
[2021, 92, 8]
[1167, 1764, 2]
[2033, 2021, 2]
[724, 850, 8]
[1485, 962, 9]
[1, 792, 2]
[801, 1187, 2]
[2024, 92, 2]
[1219, 2046, 5]
[340, 340, 2]
[983, 551, 2]
[113, 1002, 5]
[516, 509, 2]
[1208, 1712, 2]
[225, 1939, 2]
[472, 12, 3]
[1762, 1890, 4]
[610, 1272, 2]
[443, 1959, 2]
[1709, 411, 2]
[1258, 310, 2]
[2021, 2034, 2]
[1773, 637, 3]
[264, 1966, 3]
[1388, 651, 2]
[1098, 237, 2]
[516, 194, 2]
[184, 2010, 2]
[1, 109, 2]
[853, 1002, 4]
[551, 565, 2]
[494, 823, 2]
[166, 476, 3]
[941, 1591, 6]
[1, 1433, 2]
[634, 1296, 5]
[812, 433, 2]
[1375, 801, 2]
[1789, 959, 2]
[1036, 561, 2]
[1432, 67, 2]
[1774, 618, 2]
[516, 188, 2]
[1467, 427, 2]
[499, 353, 2]
[736, 1354, 2]
[1711, 1961, 7]
[656, 620, 2]
[162, 204, 4]
[323, 324, 2]
[699, 12, 2]
[214, 397, 2]
[193, 1903, 3]
[368, 342, 2]
[1830, 1091, 3]
[598, 1558, 3]
[1623, 1164, 2]
[1932, 331, 4]
[1220, 1651, 3]
[24, 34, 2]
[959, 514, 2]
[1355, 1475, 3]
[812, 581, 2]
[2014, 1233, 9]
[1, 1853, 2]
[937, 1880, 3]
[1946, 1164, 2]
[1827, 520, 2]
[904, 1653, 2]
[1, 1486, 4]
[1401, 29, 3]
[1890, 1069, 2]
[1203, 342, 2]
[910, 297, 2]
[959, 515, 2]
[1844, 1904, 2]
[950, 961, 4]
[225, 1658, 2]
[245, 1296, 2]
[1348, 898, 2]
[978, 925, 2]
[1773, 1205, 2]
[110, 1500, 2]
[63, 1542, 2]
[237, 396, 2]
[527, 422, 2]
[492, 1558, 2]
[722, 1549, 2]
[1657, 250, 4]
[68, 1355, 2]
[767, 618, 2]
[481, 1445, 2]
[1798, 1296, 2]
[1924, 266, 2]
[2011, 635, 3]
[1347, 540, 2]
[638, 495, 2]
[1185, 1423, 2]
[435, 235, 2]
[999, 898, 2]
[1044, 674, 2]
[1867, 542, 2]
[516, 120, 2]
[51, 1393, 2]
[1553, 390, 2]
[1558, 1737, 2]
[542, 1558, 2]
[1269, 342, 2]
[345, 1296, 2]
[992, 542, 7]
[1519, 1543, 3]
[812, 1697, 2]
[812, 1637, 5]
[38, 1168, 2]
[1219, 1272, 2]
[1349, 363, 2]
[502, 184, 2]
[542, 1451, 4]
[2035, 901, 2]
[1002, 731, 2]
[67, 603, 2]
[1800, 1212, 2]
[604, 872, 2]
[457, 470, 2]
[1706, 983, 2]
[296, 1914, 2]
[1837, 1742, 2]
[1274, 1068, 2]
[193, 1889, 2]
[1959, 401, 2]
[1863, 542, 3]
[120, 1385, 2]
[1272, 1310, 2]
[896, 1603, 2]
[524, 1099, 2]
[258, 483, 2]
[644, 35, 2]
[524, 515, 2]
[2003, 1896, 3]
[866, 133, 2]
[1158, 524, 3]
[929, 2047, 2]
[338, 542, 5]
[1876, 542, 2]
[576, 524, 2]
[515, 1568, 4]
[585, 326, 2]
[778, 754, 2]
[32, 296, 2]
[780, 1813, 3]
[1686, 1686, 3]
[1122, 1020, 2]
[358, 1777, 2]
[864, 615, 3]
[1506, 1352, 2]
[1775, 634, 2]
[1575, 671, 2]
[167, 1936, 2]
[84, 1500, 9]
[568, 1772, 3]
[1784, 1558, 2]
[1272, 1158, 3]
[718, 536, 2]
[370, 190, 2]
[1531, 1362, 2]
[1485, 1654, 5]
[1490, 1539, 2]
[1982, 68, 2]
[461, 1164, 2]
[584, 392, 3]
[1717, 1711, 2]
[396, 1842, 2]
[1213, 1233, 2]
[435, 225, 4]
[1681, 1212, 2]
[933, 342, 2]
[1489, 491, 2]
[825, 1240, 2]
[1558, 516, 2]
[1760, 213, 3]
[1725, 999, 2]
[1451, 1409, 3]
[547, 1519, 2]
[1178, 81, 3]
[960, 623, 2]
[1360, 829, 2]
[252, 1570, 3]
[477, 1678, 5]
[1761, 1432, 2]
[1612, 1315, 2]
[567, 0, 2]
[1084, 871, 2]
