1072, 481, 2
627, 529, 2
1649, 757, 2
110, 761, 13
1163, 325, 4
1196, 1131, 2
1262, 817, 2
1111, 920, 2
657, 1623, 9
1359, 212, 3
150, 209, 2
594, 456, 6
611, 1059, 2
317, 920, 3
1622, 1526, 2
1730, 478, 2
790, 1321, 3
462, 175, 2
17, 1416, 4
1174, 0, 2
1411, 1406, 2
1259, 1510, 4
761, 696, 2
1542, 972, 3
1769, 218, 4
1599, 1477, 3
1616, 0, 2
297, 1579, 2
283, 252, 2
1623, 1416, 2
1, 859, 2
186, 1591, 2
1335, 452, 2
1359, 1138, 4
1327, 1660, 2
1, 74, 2
1117, 1204, 3
1570, 1236, 2
495, 1030, 3
1422, 1422, 4
499, 95, 3
462, 354, 4
676, 1245, 2
1591, 603, 2
1727, 356, 2
980, 1079, 2
931, 966, 2
1235, 683, 2
1423, 1380, 2
1323, 903, 2
181, 723, 2
917, 829, 2
701, 1307, 2
961, 393, 2
1359, 428, 19
958, 156, 4
598, 250, 2
1683, 355, 2
1030, 1475, 2
480, 931, 2
339, 319, 2
1245, 1338, 2
607, 1719, 2
830, 5, 2
1210, 746, 2
386, 319, 2
728, 1574, 2
1852, 30, 2
218, 244, 3
892, 920, 6
768, 1722, 2
748, 831, 2
989, 1264, 2
740, 1001, 2
1176, 683, 2
38, 1072, 2
224, 510, 2
808, 847, 2
179, 1260, 2
1864, 817, 3
1232, 1264, 2
1686, 479, 2
1367, 575, 2
1014, 11, 2
128, 305, 3
68, 238, 2
1213, 1623, 2
1392, 1302, 3
1301, 0, 2
826, 354, 2
826, 244, 2
1699, 495, 4
149, 1668, 2
1487, 1535, 11
495, 873, 2
1715, 691, 4
1695, 495, 3
1210, 881, 2
1059, 549, 3
812, 542, 2
931, 812, 2
1288, 1105, 2
1522, 438, 2
627, 863, 2
402, 942, 2
1327, 1868, 2
14, 1223, 2
244, 1719, 2
1012, 284, 4
495, 519, 3
1194, 812, 2
1416, 1317, 2
156, 193, 4
346, 1423, 2
444, 807, 2
1814, 1525, 2
1667, 1196, 3
467, 994, 2
1133, 1332, 2
291, 260, 2
101, 275, 2
931, 1638, 2
641, 401, 3
1212, 1769, 2
217, 244, 5
1236, 969, 14
23, 1059, 3
495, 1313, 4
1785, 1168, 2
227, 1545, 2
563, 976, 3
244, 310, 2
827, 1351, 11
289, 1116, 2
1381, 1013, 3
609, 245, 2
1839, 1711, 3
68, 655, 2
723, 994, 2
1, 491, 3
319, 1634, 3
1808, 444, 7
476, 1686, 2
472, 1623, 5
25, 320, 3
1512, 165, 8
1500, 381, 2
714, 462, 2
1105, 790, 6
209, 1116, 3
1389, 412, 2
1331, 472, 2
1533, 1533, 2
319, 90, 2
1387, 1386, 2
703, 710, 2
802, 1609, 9
401, 70, 3
1244, 1381, 2
1686, 1825, 3
169, 1240, 2
1356, 1355, 2
1741, 1034, 2
821, 618, 2
354, 693, 2
1596, 1381, 2
495, 1658, 2
284, 1730, 3
547, 1258, 2
1270, 572, 2
1454, 280, 2
1237, 1474, 2
1864, 340, 4
795, 319, 2
920, 90, 44
976, 182, 2
819, 1244, 2
1180, 1775, 2
13, 111, 4
886, 717, 2
1200, 723, 2
1012, 1215, 2
1295, 759, 2
317, 495, 2
1499, 1830, 2
1732, 969, 3
100, 1284, 2
723, 398, 2
519, 491, 3
9, 446, 14
1389, 1128, 2
63, 1117, 2
432, 481, 5
1528, 1675, 2
139, 652, 2
1849, 495, 3
1, 642, 2
480, 354, 6
1682, 1526, 2
1129, 1682, 4
224, 363, 2
877, 1755, 2
1239, 1763, 3
1022, 1493, 3
1161, 28, 2
526, 1664, 2
139, 217, 2
778, 899, 2
397, 920, 3
941, 1560, 2
562, 314, 2
428, 1837, 2
723, 766, 2
1304, 1761, 2
1158, 456, 2
1538, 22, 2
1830, 881, 2
1591, 472, 2
955, 1455, 2
244, 126, 2
790, 969, 2
480, 9, 2
1440, 1241, 15
1682, 1051, 2
317, 484, 3
661, 1837, 4
804, 920, 2
188, 668, 3
1586, 801, 2
319, 1171, 3
1591, 863, 2
1631, 1062, 2
345, 21, 3
1856, 170, 2
920, 722, 7
645, 137, 2
1416, 25, 3
779, 1506, 2
1831, 1176, 2
1256, 1241, 4
881, 1080, 2
1365, 159, 3
1097, 1436, 4
1623, 693, 2
1170, 76, 2
1442, 60, 3
1416, 354, 23
1507, 116, 2
1416, 1241, 7
1618, 1357, 2
744, 1630, 2
996, 297, 2
1726, 80, 2
1051, 1416, 2
472, 1785, 3
651, 920, 4
1166, 1531, 2
643, 483, 4
571, 319, 2
1830, 1020, 4
328, 1434, 4
300, 1157, 9
229, 1607, 3
1298, 175, 2
314, 664, 2
539, 319, 2
985, 1394, 2
1417, 319, 2
503, 1506, 2
1785, 509, 2
320, 40, 4
1806, 480, 2
1668, 1843, 2
1348, 451, 2
764, 827, 2
1558, 179, 3
1, 532, 2
74, 798, 7
170, 1795, 2
773, 758, 2
229, 1223, 2
978, 1618, 4
90, 1283, 2
244, 1105, 3
822, 540, 2
244, 1130, 2
594, 480, 28
1010, 1296, 2
244, 444, 2
602, 480, 2
184, 364, 2
1812, 1416, 2
161, 0, 2
1414, 922, 3
1704, 1707, 4
1259, 345, 2
908, 1609, 2
1602, 1602, 2
1746, 108, 2
1116, 244, 3
530, 1835, 4
1719, 315, 2
818, 639, 2
495, 496, 2
117, 1260, 2
616, 716, 3
1302, 1103, 2
1079, 495, 2
706, 1537, 10
563, 526, 2
183, 966, 2
28, 1136, 2
1009, 479, 2
1068, 1579, 2
1171, 319, 12
1841, 90, 2
495, 1390, 10
968, 1095, 2
319, 1727, 4
1168, 968, 2
1416, 432, 7
326, 1409, 3
1828, 67, 3
634, 68, 2
1262, 597, 2
101, 682, 2
1278, 340, 2
717, 686, 4
117, 242, 2
1675, 319, 3
971, 1007, 3
146, 495, 3
1117, 730, 2
1719, 1038, 2
87, 627, 2
1456, 653, 3
117, 1499, 4
1194, 1256, 3
846, 1543, 2
432, 1211, 2
1770, 1227, 2
1, 1359, 4
466, 245, 2
1618, 1359, 2
985, 1493, 2
550, 594, 3
1303, 1824, 2
309, 1830, 2
462, 1608, 2
495, 340, 2
1837, 1271, 3
495, 1042, 2
401, 1457, 4
1081, 344, 2
538, 302, 2
563, 1814, 2
1299, 0, 2
319, 1802, 2
90, 1459, 3
1486, 389, 12
1181, 216, 2
1365, 1260, 3
784, 1031, 4
495, 627, 2
905, 742, 3
1327, 1761, 7
826, 1591, 7
319, 1030, 6
1549, 319, 4
1618, 790, 4
1596, 25, 2
689, 1062, 2
572, 1210, 2
1164, 234, 2
479, 503, 2
1003, 224, 2
364, 1416, 6
447, 790, 2
234, 920, 8
347, 1440, 2
193, 495, 3
1247, 594, 2
1304, 1062, 3
1732, 627, 4
160, 1012, 2
1045, 1340, 2
1026, 1026, 2
159, 1371, 5
920, 1116, 4
826, 503, 6
84, 1798, 2
1327, 74, 3
337, 1807, 8
1858, 1056, 2
750, 1638, 2
1259, 544, 2
1062, 790, 4
45, 303, 2
495, 1359, 10
1116, 209, 2
1251, 737, 2
319, 519, 4
1, 1207, 2
1832, 1549, 3
524, 1449, 4
1657, 319, 8
952, 819, 2
1, 1834, 2
79, 1251, 2
1770, 503, 2
1449, 319, 18
1583, 244, 3
1544, 1522, 3
514, 1056, 2
398, 1074, 6
1055, 81, 2
1625, 394, 6
512, 340, 2
1285, 444, 3
81, 1691, 2
824, 1236, 3
1413, 621, 2
252, 405, 4
1590, 0, 2
675, 1030, 3
650, 507, 2
680, 680, 2
150, 1542, 2
118, 1424, 2
1345, 667, 9
1662, 1558, 2
1260, 723, 3
1789, 495, 13
1410, 423, 2
1400, 1062, 2
1054, 661, 7
67, 1181, 9
418, 910, 2
319, 529, 2
1241, 534, 2
881, 1213, 2
1656, 262, 2
1760, 1059, 2
614, 998, 2
1416, 481, 2
1769, 1416, 2
110, 920, 3
302, 365, 2
1075, 1361, 2
1391, 1068, 2
851, 959, 2
151, 1228, 2
496, 870, 2
1759, 1759, 2
1728, 1416, 2
175, 826, 2
393, 1132, 2
1635, 1111, 2
369, 1638, 2
1708, 495, 3
1, 405, 2
1713, 924, 2
797, 1498, 2
1818, 1183, 2
783, 1416, 2
401, 1073, 3
32, 277, 2
687, 654, 3
149, 139, 2
331, 1591, 2
481, 800, 3
1617, 1059, 2
594, 528, 2
354, 322, 2
1137, 1232, 2
1, 1484, 3
1853, 514, 2
116, 829, 2
1556, 538, 2
1327, 1359, 4
1291, 9, 2
476, 1591, 2
459, 789, 3
1638, 1567, 2
1248, 818, 2
284, 1724, 2
1105, 562, 2
1033, 1719, 2
1731, 0, 3
966, 1232, 2
90, 920, 2
684, 102, 2
1277, 205, 2
655, 976, 3
480, 1638, 2
1030, 1407, 3
1747, 1826, 4
1447, 818, 2
252, 252, 2
1175, 1119, 3
441, 1550, 5
1013, 1591, 4
1072, 319, 2
575, 1625, 2
1241, 354, 3
519, 181, 4
322, 829, 2
1172, 556, 2
715, 1593, 2
1323, 38, 2
829, 354, 2
1001, 1002, 2
346, 972, 2
293, 175, 2
1254, 1107, 2
881, 17, 2
1762, 1260, 2
920, 1327, 6
1760, 1051, 2
238, 871, 2
641, 1526, 2
1591, 920, 2
1719, 236, 2
867, 748, 2
692, 1305, 2
56, 719, 2
920, 1628, 2
1066, 319, 6
1310, 1236, 2
944, 1116, 2
1795, 1293, 2
218, 1260, 2
1245, 927, 2
1385, 1700, 2
67, 304, 2
354, 1128, 2
1237, 594, 2
340, 1419, 2
121, 121, 3
480, 723, 2
858, 1096, 2
1506, 969, 2
1241, 1445, 5
1869, 498, 2
1346, 1689, 3
628, 1537, 3
1264, 233, 2
1809, 1059, 2
527, 1575, 2
1080, 364, 3
830, 124, 2
793, 917, 2
1391, 1260, 2
1798, 1665, 2
761, 1332, 2
580, 1655, 4
255, 1260, 2
1474, 1389, 4
767, 1174, 2
320, 1181, 4
354, 641, 3
267, 1833, 2
480, 150, 2
985, 607, 2
1059, 1508, 2
819, 1072, 6
340, 1464, 3
264, 288, 2
1837, 627, 2
354, 707, 2
834, 236, 2
683, 747, 2
1380, 1804, 2
992, 326, 3
1716, 0, 2
1804, 1830, 2
1624, 476, 2
1, 1773, 2
271, 1068, 2
560, 778, 2
594, 462, 2
1723, 881, 2
384, 1048, 2
1582, 1614, 3
1719, 979, 2
288, 969, 2
1829, 85, 3
1062, 830, 2
1007, 1482, 3
269, 920, 3
1299, 1076, 3
761, 966, 3
1683, 340, 4
826, 340, 2
229, 345, 2
1797, 660, 5
763, 460, 2
1123, 308, 2
1606, 1579, 7
829, 1818, 3
871, 1626, 2
935, 319, 3
1100, 361, 2
909, 917, 2
1350, 315, 2
1719, 105, 2
454, 1168, 3
319, 647, 2
495, 1841, 5
480, 689, 2
969, 1244, 2
726, 1125, 2
790, 1105, 4
1682, 1586, 5
319, 757, 2
160, 1241, 3
1171, 920, 3
651, 1128, 2
444, 1614, 2
362, 1168, 3
1602, 322, 2
1236, 1329, 2
1171, 361, 3
1256, 354, 2
1182, 1223, 4
1, 1090, 2
380, 1788, 2
748, 933, 2
363, 817, 2
603, 1578, 2
1523, 1416, 2
966, 594, 2
730, 1212, 2
1059, 251, 3
826, 218, 2
1782, 370, 3
627, 700, 2
79, 1618, 3
104, 1599, 3
984, 1430, 2
1623, 1062, 3
1418, 1729, 9
45, 1434, 2
881, 346, 3
76, 807, 2
761, 319, 22
508, 23, 3
1188, 110, 2
770, 103, 2
1739, 1741, 2
151, 1769, 2
1686, 444, 2
1591, 1596, 2
1579, 1182, 2
887, 1167, 3
664, 1259, 2
482, 319, 2
79, 1236, 3
47, 159, 5
969, 1245, 4
1518, 1276, 2
1087, 1413, 2
101, 244, 3
1107, 999, 2
407, 1002, 3
9, 920, 2
1785, 1719, 2
1360, 802, 3
426, 920, 4
1098, 1032, 3
790, 1217, 2
58, 0, 2
178, 1580, 2
1080, 1062, 5
1012, 462, 2
1832, 1719, 3
319, 1241, 7
1475, 1064, 2
848, 167, 2
103, 319, 8
583, 1237, 2
1105, 723, 4
1094, 1017, 3
953, 67, 2
480, 1423, 2
1365, 480, 11
1595, 969, 2
775, 1676, 2
238, 534, 3
340, 1638, 2
1818, 481, 2
1420, 920, 3
1059, 1381, 2
1719, 1609, 9
66, 881, 3
1296, 1712, 4
134, 75, 2
895, 1526, 2
66, 1429, 2
495, 1128, 2
955, 824, 3
495, 348, 2
1651, 0, 2
1599, 1298, 2
899, 778, 2
85, 1416, 3
1344, 1497, 3
965, 1837, 2
338, 522, 2
845, 4, 2
1374, 1747, 16
857, 913, 2
1329, 507, 2
298, 1383, 3
577, 358, 2
444, 1560, 3
1558, 1808, 2
19, 1423, 2
1310, 10, 2
428, 920, 3
160, 1019, 2
1837, 472, 3
748, 964, 3
369, 1260, 2
666, 79, 17
1545, 89, 2
567, 354, 6
963, 597, 2
723, 881, 2
36, 1638, 2
1535, 599, 14
244, 1059, 2
265, 1066, 3
1645, 0, 2
1228, 116, 2
1829, 1830, 2
1260, 160, 2
66, 1280, 2
1830, 592, 2
31, 734, 2
390, 708, 3
413, 1445, 2
1761, 339, 2
1864, 319, 3
729, 244, 2
1, 733, 2
704, 495, 2
418, 1039, 2
1182, 1182, 2
150, 826, 5
244, 1241, 2
1181, 1611, 2
1757, 1324, 2
1599, 1416, 2
1416, 1542, 3
514, 1705, 3
538, 262, 2
79, 723, 2
695, 1789, 4
1095, 1059, 4
748, 375, 3
319, 148, 2
879, 1108, 3
820, 150, 5
515, 1719, 3
1062, 793, 3
318, 1100, 2
1762, 1177, 2
891, 1769, 2
67, 811, 2
1818, 1733, 2
379, 495, 2
632, 1564, 3
1697, 1696, 2
1359, 1552, 2
1315, 1676, 2
532, 1771, 2
480, 1416, 7
1816, 1681, 5
1512, 244, 13
410, 319, 2
292, 1695, 2
1804, 1416, 2
878, 333, 2
519, 121, 6
162, 317, 2
106, 223, 2
826, 38, 2
1718, 776, 2
1817, 142, 2
180, 1682, 2
1773, 887, 6
1823, 234, 2
1835, 1449, 4
47, 126, 2
921, 1174, 3
1446, 301, 2
465, 481, 2
655, 118, 4
175, 1241, 2
1579, 369, 3
99, 1664, 3
462, 1591, 2
1002, 424, 3
81, 651, 9
319, 1610, 2
1757, 655, 3
456, 1288, 2
585, 1292, 2
221, 344, 2
1194, 1241, 2
851, 1469, 2
1656, 1365, 5
881, 1809, 2
386, 1242, 6
1182, 28, 2
1569, 894, 2
1609, 340, 3
1591, 36, 2
1068, 981, 2
889, 173, 2
1837, 722, 2
1241, 1381, 2
405, 1425, 2
1042, 1545, 2
593, 1267, 2
369, 1330, 3
1542, 319, 2
1298, 224, 3
401, 693, 6
319, 1796, 7
183, 480, 2
66, 1236, 4
1719, 1208, 11
1804, 1428, 2
480, 1829, 2
824, 1241, 5
1040, 1226, 2
1738, 495, 2
761, 1416, 3
887, 1773, 4
176, 166, 2
701, 1166, 2
452, 1416, 2
1837, 1340, 2
479, 1760, 2
319, 1637, 2
119, 658, 2
1719, 373, 2
1512, 175, 5
1226, 1256, 2
507, 771, 2
1590, 270, 2
1236, 645, 2
525, 354, 4
718, 1646, 3
1020, 1020, 4
319, 1649, 2
1591, 179, 3
1824, 1725, 3
942, 1364, 2
118, 1285, 2
39, 271, 2
669, 1731, 3
1545, 1719, 15
1088, 313, 3
1123, 699, 2
835, 835, 2
629, 1735, 3
1319, 456, 3
912, 45, 2
680, 406, 7
88, 144, 2
1170, 160, 2
954, 1445, 2
431, 1809, 2
462, 1846, 4
9, 594, 2
1368, 643, 2
528, 528, 3
209, 1440, 2
495, 1618, 3
798, 319, 7
1103, 480, 2
251, 1181, 2
1105, 881, 5
472, 140, 2
358, 879, 3
1591, 1062, 2
1317, 364, 2
790, 1785, 3
1772, 1786, 2
73, 555, 2
476, 1255, 3
627, 1059, 2
1372, 449, 2
340, 518, 2
1241, 1165, 2
1305, 854, 3
1009, 693, 3
1339, 480, 2
545, 655, 2
833, 920, 2
562, 1259, 2
549, 1626, 3
920, 1245, 2
1407, 1022, 3
1491, 1148, 2
219, 1072, 5
1125, 495, 2
1542, 971, 3
700, 985, 2
890, 1126, 2
111, 920, 5
1181, 1758, 2
1005, 871, 2
1445, 864, 4
90, 1536, 2
290, 888, 2
939, 1164, 4
730, 122, 2
1258, 106, 2
1591, 1298, 2
132, 51, 2
1602, 735, 2
1416, 655, 3
1172, 244, 4
1653, 1070, 2
1806, 1023, 2
260, 1702, 2
1295, 1447, 2
1290, 1494, 2
1630, 1416, 2
1852, 829, 2
1720, 422, 3
1837, 1366, 2
347, 967, 2
243, 205, 2
1622, 972, 2
969, 264, 2
474, 1036, 2
830, 1501, 2
1282, 996, 2
1228, 346, 2
66, 547, 2
849, 435, 4
401, 1082, 3
245, 1719, 2
209, 1439, 2
800, 1267, 2
1223, 1830, 2
1210, 209, 2
1719, 920, 23
982, 1250, 2
477, 1508, 2
480, 547, 3
1105, 26, 3
1319, 1602, 2
303, 1632, 2
1002, 739, 3
1477, 1416, 6
236, 495, 3
405, 252, 3
1332, 802, 4
964, 1002, 3
683, 110, 6
116, 1176, 2
1363, 961, 2
389, 495, 23
1752, 234, 3
631, 1693, 2
1072, 1618, 2
210, 945, 2
1542, 1271, 3
487, 830, 4
723, 1719, 2
446, 319, 7
9, 1163, 3
730, 1285, 4
1217, 1623, 3
117, 1717, 3
1379, 1268, 2
1239, 63, 2
495, 470, 2
1501, 914, 2
1719, 340, 3
238, 1304, 2
1818, 1247, 3
480, 1445, 3
1193, 319, 2
5, 1629, 2
1397, 5, 2
1083, 244, 2
1277, 9, 6
920, 1686, 2
1440, 1194, 2
400, 913, 2
1241, 21, 2
1526, 1622, 2
1157, 1731, 9
387, 693, 2
155, 713, 2
18, 174, 2
1308, 1003, 2
977, 760, 2
1739, 637, 2
340, 1832, 2
920, 667, 4
887, 920, 2
850, 1405, 3
608, 1732, 3
759, 818, 2
1837, 90, 8
480, 1683, 3
1089, 61, 2
879, 229, 3
802, 784, 2
758, 1029, 2
1053, 223, 2
1241, 1053, 3
319, 459, 3
316, 1100, 2
546, 1105, 2
1211, 1416, 2
972, 737, 2
998, 150, 2
480, 67, 2
1182, 1638, 2
1579, 1116, 2
1425, 374, 2
1289, 966, 3
881, 1228, 3
944, 864, 2
480, 1381, 4
1283, 9, 2
319, 575, 4
354, 1686, 2
317, 1100, 2
1714, 1298, 2
346, 1686, 2
319, 1455, 2
1337, 84, 2
1837, 944, 3
986, 1537, 2
651, 90, 3
1537, 376, 15
782, 401, 3
358, 594, 10
1009, 1774, 3
585, 755, 2
1333, 1719, 13
268, 1376, 2
707, 354, 2
1416, 244, 2
1683, 1247, 3
1039, 1729, 3
1472, 664, 9
1762, 1416, 2
819, 1686, 2
1312, 627, 2
966, 710, 2
319, 1118, 5
1370, 819, 2
920, 67, 6
1826, 1751, 12
992, 426, 3
586, 721, 2
117, 557, 2
590, 35, 2
519, 1421, 2
1220, 943, 2
238, 1837, 2
1050, 495, 3
664, 784, 8
1855, 709, 2
495, 1253, 2
112, 127, 4
1062, 1686, 3
1419, 480, 2
252, 1739, 4
480, 966, 2
1105, 1445, 2
244, 1618, 5
1618, 723, 9
1415, 164, 3
1298, 284, 2
1489, 297, 2
917, 1295, 2
1113, 976, 5
1057, 1730, 2
1544, 909, 3
401, 970, 2
442, 1332, 2
1207, 1545, 2
843, 759, 4
594, 347, 3
1132, 495, 2
1825, 1521, 2
535, 0, 2
434, 1402, 2
1182, 919, 2
627, 920, 3
775, 1187, 2
423, 1033, 2
1416, 223, 2
824, 1455, 2
1732, 9, 2
462, 272, 6
920, 1828, 2
1344, 1085, 3
213, 951, 9
62, 615, 2
1822, 1338, 2
1837, 594, 2
748, 9, 3
1134, 1305, 2
1851, 1305, 2
1037, 229, 2
480, 1446, 2
688, 1063, 2
1818, 444, 2
155, 408, 2
620, 1743, 3
1348, 1068, 2
1717, 627, 2
920, 1804, 3
67, 323, 2
15, 1490, 2
1174, 1739, 2
1834, 386, 4
443, 320, 2
920, 1506, 4
972, 655, 3
1255, 1348, 2
1327, 507, 2
17, 98, 2
1806, 447, 18
688, 1402, 4
673, 578, 2
664, 1701, 3
942, 1568, 2
824, 955, 3
711, 1374, 16
1332, 268, 3
1567, 402, 2
757, 1837, 2
910, 1657, 8
271, 402, 2
1348, 1139, 8
1762, 159, 2
1719, 422, 2
1526, 1719, 2
1080, 1187, 2
1591, 1331, 2
1687, 1474, 2
1526, 1020, 3
1, 1300, 3
368, 1610, 2
933, 1616, 2
1754, 1086, 3
1618, 1416, 2
1012, 244, 2
1141, 495, 5
1769, 1489, 3
1260, 135, 2
480, 325, 2
1070, 784, 3
1830, 1507, 2
594, 1710, 2
1729, 495, 27
1719, 1635, 2
1323, 1808, 2
803, 1445, 2
1416, 1522, 4
1785, 1062, 3
1445, 824, 2
480, 238, 3
970, 1012, 6
1028, 1241, 2
1, 647, 5
319, 948, 2
143, 506, 4
114, 1630, 2
1428, 238, 2
798, 1147, 2
884, 1416, 3
684, 477, 2
1520, 319, 2
480, 1586, 4
1100, 319, 6
1828, 1809, 2
1148, 1277, 3
209, 235, 2
305, 1445, 5
240, 239, 2
1316, 132, 2
1062, 693, 4
495, 830, 2
90, 81, 27
480, 1522, 2
468, 1643, 3
1076, 360, 3
1830, 665, 3
1815, 0, 2
1489, 244, 4
341, 808, 2
481, 1365, 3
464, 191, 2
1288, 93, 2
503, 826, 4
81, 1500, 2
1733, 1687, 2
937, 219, 3
1808, 1239, 2
1789, 1420, 3
1531, 1626, 2
116, 641, 2
660, 1022, 2
469, 0, 2
150, 117, 2
516, 1418, 9
1767, 229, 9
1534, 921, 3
354, 1710, 2
364, 320, 2
319, 253, 2
476, 1683, 3
1365, 1656, 2
408, 1136, 2
1199, 1592, 3
1465, 454, 3
1610, 747, 2
255, 237, 2
1244, 1236, 2
948, 58, 2
721, 490, 2
636, 1000, 3
1381, 1267, 2
1237, 1247, 2
1246, 545, 2
813, 1337, 2
101, 664, 3
145, 347, 2
371, 319, 2
817, 993, 2
160, 503, 2
1416, 581, 3
1278, 1591, 2
1288, 67, 2
1771, 761, 3
627, 1128, 2
893, 698, 4
1493, 1416, 3
864, 1445, 7
118, 1012, 3
771, 885, 3
1416, 1630, 3
1416, 352, 2
53, 252, 2
1437, 507, 3
940, 1738, 2
395, 0, 2
495, 535, 2
1192, 1473, 2
1, 1352, 2
1105, 1062, 3
302, 611, 2
1810, 1614, 2
79, 969, 3
373, 920, 2
1114, 319, 2
1837, 1428, 2
238, 689, 2
606, 0, 2
898, 849, 2
1051, 114, 2
150, 1618, 2
878, 544, 2
817, 956, 2
1806, 1333, 13
748, 1051, 2
920, 28, 2
1222, 464, 2
1181, 1791, 2
319, 1837, 4
855, 1096, 3
1073, 1012, 3
1105, 1012, 2
140, 218, 2
1578, 585, 2
1638, 30, 2
478, 1168, 2
510, 160, 2
1380, 1026, 2
284, 459, 3
45, 1462, 2
901, 991, 2
1, 723, 2
1719, 1588, 2
843, 520, 2
1848, 1848, 2
1507, 1790, 2
664, 244, 2
1633, 1708, 2
324, 1542, 3
529, 244, 6
1747, 1796, 10
941, 1638, 2
1313, 1340, 2
238, 1455, 2
1012, 1591, 4
771, 632, 3
1258, 955, 2
1461, 720, 2
881, 138, 2
1002, 0, 2
9, 432, 2
238, 779, 2
1586, 1445, 7
304, 1809, 2
853, 1704, 2
1832, 1327, 2
160, 215, 3
723, 793, 3
354, 594, 2
1260, 1236, 3
175, 66, 2
761, 1522, 2
742, 1776, 3
1807, 1729, 11
1719, 1806, 4
456, 1442, 4
563, 480, 3
1440, 244, 3
1452, 988, 3
1, 1660, 2
1156, 72, 2
663, 767, 2
1562, 1381, 2
535, 1830, 2
604, 589, 2
656, 896, 8
843, 663, 2
284, 966, 2
480, 1508, 2
793, 867, 2
55, 1122, 2
818, 1354, 2
244, 7, 2
157, 577, 2
1012, 1762, 2
1127, 319, 2
1830, 983, 3
104, 1682, 2
92, 1837, 3
1483, 1156, 2
495, 1837, 5
1260, 1618, 2
1506, 1236, 2
521, 1428, 2
150, 69, 2
1103, 46, 2
1437, 627, 2
931, 1489, 5
1428, 324, 2
1610, 1801, 2
1616, 397, 3
637, 1139, 2
106, 1352, 2
402, 688, 2
845, 579, 2
920, 1105, 5
1686, 1228, 2
340, 229, 2
1393, 495, 4
1660, 1548, 4
11, 1146, 3
1365, 1234, 2
1830, 1290, 2
1104, 1626, 3
1292, 1416, 3
462, 462, 2
495, 1176, 2
1105, 1116, 2
1652, 185, 2
1731, 920, 34
1059, 562, 2
1468, 244, 2
1804, 472, 2
1733, 1171, 3
1416, 1769, 3
159, 1571, 2
1228, 1474, 5
655, 1804, 3
1837, 602, 2
1602, 1427, 2
319, 920, 2
1803, 1618, 3
450, 1224, 2
150, 1178, 2
319, 1472, 2
840, 604, 2
1861, 1783, 2
340, 1113, 2
301, 1526, 2
66, 790, 2
474, 1294, 2
1131, 247, 2
748, 1751, 4
1078, 495, 6
1609, 784, 2
90, 629, 2
315, 1012, 4
206, 1348, 3
919, 1197, 2
1719, 239, 3
319, 1382, 2
52, 1516, 7
1311, 535, 2
839, 55, 2
67, 1611, 4
405, 0, 3
1591, 456, 2
1830, 1804, 3
1088, 495, 4
1, 254, 3
972, 989, 2
1236, 723, 9
1830, 1269, 3
552, 594, 4
1499, 1319, 2
915, 602, 6
1832, 798, 2
208, 495, 2
1591, 1618, 2
1463, 1200, 2
1056, 495, 6
627, 931, 3
1830, 66, 2
90, 1796, 2
432, 603, 2
1778, 1545, 3
1591, 594, 2
1683, 1181, 2
236, 13, 4
113, 1730, 2
1236, 1437, 6
481, 930, 2
484, 495, 4
472, 1714, 4
972, 1581, 2
985, 92, 8
441, 1765, 3
44, 1295, 5
1579, 761, 2
505, 969, 2
377, 1699, 2
225, 664, 2
1252, 693, 2
78, 1134, 3
395, 1278, 2
525, 1260, 2
1243, 241, 2
2, 194, 3
824, 824, 2
303, 966, 2
1128, 1245, 142
438, 144, 2
1623, 1476, 2
987, 523, 3
319, 1618, 3
613, 1037, 5
244, 594, 2
76, 1247, 3
944, 1777, 2
1586, 1281, 2
1594, 1047, 2
1755, 980, 2
79, 873, 2
1116, 1764, 3
47, 1068, 2
1719, 182, 3
1847, 1460, 2
1041, 68, 2
565, 514, 2
902, 1730, 2
1266, 251, 2
148, 1732, 2
420, 1049, 6
642, 495, 4
1029, 774, 2
1244, 244, 2
1731, 1128, 4
461, 1327, 2
9, 1244, 2
1139, 1080, 2
1381, 1673, 2
160, 707, 2
1526, 899, 2
1044, 1503, 2
1129, 814, 3
1423, 480, 2
947, 401, 2
1116, 1854, 2
1313, 1278, 3
1422, 1416, 3
1115, 1114, 2
467, 824, 2
9, 1766, 2
1160, 525, 2
1403, 1126, 2
881, 1686, 2
1169, 1818, 3
1727, 49, 4
1355, 1564, 2
969, 1094, 2
1804, 1560, 2
192, 1116, 2
480, 340, 3
284, 1445, 2
975, 0, 2
150, 224, 3
67, 1488, 2
749, 1466, 4
868, 1645, 2
1526, 1682, 2
506, 115, 2
143, 143, 2
650, 189, 2
1, 300, 10
1105, 1148, 2
300, 609, 14
1698, 495, 3
1244, 561, 3
1359, 0, 2
761, 303, 2
160, 1674, 2
1560, 1620, 2
1749, 371, 2
358, 741, 2
864, 168, 2
1837, 1602, 2
1470, 769, 2
489, 1573, 3
1334, 478, 2
918, 753, 3
1260, 1719, 2
548, 67, 2
694, 354, 6
735, 285, 2
745, 723, 4
1308, 79, 4
429, 793, 2
1332, 892, 8
164, 76, 3
29, 508, 3
90, 890, 2
151, 1116, 2
577, 1264, 2
117, 1267, 2
462, 1855, 2
1245, 286, 2
72, 1174, 2
1581, 949, 2
1683, 1139, 2
327, 1504, 4
1081, 244, 4
1720, 200, 2
1300, 1059, 3
94, 1103, 2
451, 723, 2
360, 495, 3
244, 244, 4
1256, 1262, 3
564, 818, 2
1308, 655, 2
1802, 204, 2
696, 128, 2
995, 472, 2
674, 860, 3
483, 1716, 4
244, 1769, 2
481, 481, 2
1, 384, 2
1522, 1457, 5
507, 1618, 3
761, 110, 6
189, 627, 2
1105, 1228, 2
462, 155, 2
244, 88, 2
209, 1794, 2
480, 991, 2
731, 1334, 2
1431, 1120, 2
67, 545, 2
1116, 973, 2
138, 67, 2
1686, 1440, 2
90, 495, 2
996, 99, 2
1642, 319, 2
1656, 897, 2
1769, 1541, 4
626, 495, 2
354, 1019, 2
480, 351, 4
1507, 133, 2
1236, 507, 6
963, 761, 5
1320, 1638, 2
1173, 1830, 2
1445, 1416, 3
812, 1433, 2
1785, 826, 3
1, 392, 2
410, 17, 2
1390, 657, 4
35, 1260, 3
244, 1760, 3
604, 440, 3
713, 1233, 2
305, 199, 2
340, 627, 2
454, 759, 2
659, 0, 2
78, 1818, 2
1585, 1542, 3
553, 419, 2
993, 359, 3
641, 934, 3
656, 938, 2
1136, 452, 2
1008, 1585, 3
314, 481, 2
1241, 819, 3
991, 354, 2
1178, 689, 2
1220, 0, 2
851, 975, 2
1687, 480, 2
1181, 952, 2
563, 150, 3
495, 1847, 2
681, 1755, 2
668, 1545, 3
1516, 1174, 4
609, 495, 13
209, 1059, 2
701, 1260, 2
299, 1408, 2
296, 1689, 2
1090, 1148, 4
1223, 772, 2
388, 1444, 2
363, 155, 2
1139, 912, 2
847, 0, 2
1058, 313, 2
602, 456, 2
561, 1288, 3
1591, 1260, 2
480, 1286, 3
627, 1659, 2
969, 793, 3
1664, 1302, 4
521, 480, 2
1638, 641, 2
1381, 1818, 2
319, 872, 2
1209, 1262, 2
1022, 687, 3
577, 456, 3
1072, 1241, 10
748, 1058, 3
183, 963, 2
1480, 1778, 2
1739, 873, 4
1423, 694, 2
712, 1478, 2
1477, 480, 3
262, 1618, 2
217, 1288, 2
456, 1544, 2
160, 401, 3
1672, 1360, 2
1785, 881, 9
1719, 214, 2
361, 1318, 3
175, 462, 3
1332, 920, 2
1506, 909, 2
187, 920, 3
683, 1188, 2
1735, 495, 14
1718, 1616, 3
553, 364, 3
328, 1154, 2
319, 175, 2
1750, 1755, 2
480, 1686, 3
1410, 357, 2
246, 1349, 2
575, 1662, 2
133, 1035, 2
590, 611, 2
1321, 1094, 3
79, 1563, 2
1548, 515, 6
1613, 1255, 4
351, 1830, 3
511, 160, 2
1761, 969, 5
780, 564, 2
320, 476, 2
1508, 362, 2
1688, 284, 3
1204, 1742, 3
827, 319, 2
878, 1511, 2
1048, 482, 2
1105, 414, 2
505, 1251, 2
1416, 150, 2
236, 507, 2
1609, 920, 9
1506, 676, 2
1139, 1830, 2
951, 1087, 2
1712, 495, 4
1236, 881, 4
1034, 53, 2
1189, 120, 2
1062, 1298, 6
371, 0, 9
1351, 495, 11
967, 1719, 2
1375, 389, 4
503, 462, 4
667, 319, 10
969, 1729, 2
354, 1416, 3
983, 149, 3
141, 1133, 2
1739, 403, 3
1080, 79, 3
144, 944, 2
589, 505, 2
319, 910, 4
1618, 949, 4
1622, 275, 2
1676, 28, 3
969, 21, 2
1482, 528, 2
864, 1228, 2
1769, 67, 2
319, 1016, 4
1241, 826, 2
1684, 64, 3
428, 685, 10
497, 260, 2
1499, 209, 2
454, 0, 2
826, 320, 5
1197, 472, 2
1228, 1489, 2
481, 1830, 3
1825, 1825, 2
1208, 920, 8
1073, 151, 2
1445, 881, 2
513, 410, 2
507, 775, 2
151, 1753, 2
1796, 1572, 2
1526, 480, 2
495, 985, 2
641, 1172, 2
282, 6, 2
244, 443, 2
1744, 495, 8
1830, 354, 3
1424, 1378, 2
129, 654, 2
1328, 1379, 2
685, 60, 14
772, 1589, 2
748, 1603, 3
790, 1816, 2
1308, 1105, 5
1547, 1662, 2
720, 1740, 2
1733, 614, 2
919, 1009, 2
1327, 392, 2
480, 1485, 2
444, 21, 2
727, 1185, 2
1566, 480, 2
1445, 401, 2
443, 1830, 2
1064, 1698, 2
748, 1543, 2
1818, 476, 2
160, 1526, 2
480, 914, 2
1574, 1745, 2
1734, 495, 2
1171, 362, 3
320, 560, 2
563, 1201, 2
826, 919, 2
1, 843, 2
1056, 1719, 2
260, 109, 2
978, 1591, 2
430, 1072, 2
196, 1404, 2
435, 3, 5
177, 788, 2
1059, 710, 2
541, 1489, 2
1509, 1581, 2
1, 1461, 2
841, 1860, 2
1012, 1012, 2
1, 1533, 2
266, 794, 3
1719, 1360, 2
863, 1128, 2
361, 317, 2
969, 1618, 4
401, 480, 2
648, 836, 2
300, 1731, 4
507, 834, 2
1, 463, 2
1376, 920, 2
415, 1429, 2
254, 1059, 2
1176, 761, 4
1844, 1816, 2
160, 189, 2
755, 1499, 2
679, 1276, 2
1273, 1757, 2
321, 1241, 3
561, 391, 4
224, 1526, 3
1678, 1059, 3
237, 1301, 2
1783, 132, 2
130, 1574, 2
748, 1684, 2
1293, 1732, 3
1604, 1178, 5
967, 1830, 2
791, 795, 2
1244, 525, 2
1228, 1228, 2
1198, 284, 2
1005, 1416, 2
376, 906, 2
584, 531, 2
1832, 1091, 2
807, 320, 2
1082, 432, 4
1320, 1302, 2
1245, 748, 142
212, 1526, 2
655, 916, 2
306, 495, 3
1361, 342, 2
80, 251, 2
432, 505, 3
455, 1247, 2
562, 1416, 3
38, 9, 3
1416, 851, 3
534, 1440, 2
1000, 1719, 3
1267, 1830, 2
259, 317, 2
55, 147, 3
480, 1804, 2
325, 669, 3
754, 1193, 2
1288, 1506, 2
1327, 1826, 2
204, 204, 2
1763, 1416, 3
319, 1359, 3
826, 1072, 2
319, 851, 3
1565, 394, 2
160, 1489, 3
622, 252, 2
723, 1105, 4
652, 1719, 2
319, 761, 5
784, 920, 8
1059, 1803, 2
495, 398, 2
1837, 548, 2
480, 1288, 3
1605, 752, 2
861, 670, 2
1540, 886, 4
223, 223, 2
832, 1062, 2
3, 898, 2
1766, 1012, 3
238, 581, 2
802, 650, 2
1228, 1181, 4
1295, 535, 2
1753, 1687, 2
533, 358, 3
1527, 729, 2
1618, 1757, 2
1490, 21, 2
569, 347, 2
1, 1031, 2
1059, 1128, 2
693, 456, 21
67, 1429, 2
920, 1415, 2
594, 213, 9
319, 1344, 6
495, 1414, 3
182, 1719, 2
296, 515, 2
160, 594, 2
1108, 1300, 4
67, 881, 18
42, 416, 3
445, 1638, 2
1282, 824, 2
976, 1609, 4
1762, 563, 2
850, 0, 2
139, 594, 2
1725, 533, 3
747, 683, 2
920, 878, 2
46, 784, 2
1666, 50, 6
1164, 1128, 3
1543, 1519, 7
931, 1003, 2
825, 1602, 2
920, 1062, 2
1638, 1544, 2
552, 432, 3
472, 1544, 3
1373, 1046, 3
885, 1223, 2
1609, 786, 2
1513, 824, 5
1205, 32, 2
1241, 244, 2
319, 824, 6
1142, 466, 2
1825, 104, 2
67, 725, 2
244, 1381, 4
1334, 1137, 2
1354, 1543, 3
1508, 263, 3
1068, 369, 2
90, 129, 2
1591, 585, 2
723, 1059, 2
693, 480, 66
1432, 1512, 2
1850, 1472, 4
1473, 643, 2
1692, 495, 3
195, 73, 2
950, 495, 7
969, 1236, 7
1591, 459, 3
1236, 1611, 3
1099, 1098, 2
1474, 1068, 2
1687, 354, 2
244, 623, 2
517, 0, 2
1389, 1218, 2
1359, 1065, 2
1288, 480, 2
303, 1139, 2
297, 330, 2
1416, 812, 7
1, 882, 2
738, 969, 3
748, 1486, 12
1410, 1002, 3
728, 1540, 2
1227, 116, 2
1591, 366, 2
1687, 1262, 2
135, 113, 2
1080, 790, 2
346, 1825, 2
319, 843, 3
1416, 543, 4
1255, 1285, 2
975, 374, 2
964, 407, 3
1062, 479, 2
872, 1093, 3
459, 1832, 27
698, 110, 2
1640, 764, 2
1719, 86, 2
1236, 1335, 3
1670, 1678, 3
1769, 1623, 2
308, 1559, 2
1736, 969, 3
945, 347, 6
826, 585, 3
1105, 1223, 2
1769, 1762, 2
64, 1388, 5
244, 944, 2
1731, 1327, 3
286, 967, 2
503, 1068, 3
627, 1591, 3
82, 685, 3
264, 1783, 2
480, 480, 7
1443, 1746, 2
1143, 1053, 2
1377, 1066, 3
1759, 354, 2
26, 666, 2
1108, 1031, 2
1153, 71, 3
17, 655, 2
1252, 1581, 3
91, 456, 3
295, 1768, 2
21, 919, 3
95, 91, 3
1516, 1175, 3
122, 320, 2
1769, 826, 4
1164, 920, 2
1785, 957, 2
1121, 588, 3
1203, 248, 2
1583, 1059, 2
1574, 1540, 2
1069, 328, 5
1068, 159, 2
1382, 600, 3
1203, 404, 2
224, 1467, 2
259, 1100, 2
1564, 1174, 5
810, 1591, 2
79, 519, 2
748, 1736, 3
394, 232, 2
155, 880, 2
443, 587, 2
1260, 1512, 2
778, 1482, 2
1174, 1796, 3
1618, 1219, 2
50, 1265, 2
1842, 790, 2
446, 1108, 7
1690, 208, 2
881, 1212, 3
41, 1272, 2
730, 512, 4
262, 106, 2
736, 1691, 2
1730, 1334, 2
1626, 155, 2
863, 1602, 2
66, 551, 2
456, 966, 2
1614, 1770, 2
1747, 920, 5
376, 697, 15
1381, 1638, 3
531, 0, 2
802, 939, 4
1591, 1339, 2
495, 90, 6
480, 387, 5
1178, 976, 5
360, 1719, 2
891, 1762, 2
1586, 1629, 2
175, 881, 2
1306, 358, 2
678, 920, 2
627, 604, 3
51, 1431, 2
224, 354, 2
480, 692, 4
824, 319, 3
1719, 1819, 2
826, 1020, 3
1544, 1182, 2
28, 1727, 2
495, 661, 2
158, 1866, 2
233, 778, 2
697, 376, 2
633, 668, 2
1808, 1831, 2
882, 882, 2
1340, 1468, 2
1167, 1167, 3
591, 1621, 2
507, 1336, 2
319, 1414, 3
378, 495, 2
244, 1830, 3
172, 659, 2
1100, 552, 3
350, 1182, 2
10, 39, 2
1256, 1402, 2
495, 1456, 3
454, 1016, 3
585, 1622, 4
354, 244, 10
1334, 1579, 2
354, 238, 2
319, 0, 27
498, 1539, 2
391, 461, 4
328, 1566, 2
447, 518, 2
1186, 605, 2
1139, 480, 2
1751, 711, 16
201, 495, 3
401, 401, 3
1150, 495, 2
1650, 1297, 4
302, 1671, 2
495, 1718, 3
191, 265, 3
55, 153, 3
1730, 801, 2
697, 319, 15
136, 442, 2
1053, 1040, 2
1732, 389, 2
1507, 1815, 2
1455, 824, 8
1444, 678, 2
175, 1830, 2
67, 1236, 2
1305, 1260, 2
1271, 1134, 2
1012, 1664, 2
226, 920, 2
82, 0, 3
741, 731, 2
1416, 480, 10
1757, 1080, 6
990, 802, 2
17, 481, 3
1711, 1733, 3
688, 1821, 2
1843, 495, 3
817, 224, 5
1637, 154, 2
1868, 1666, 4
1221, 1332, 2
1300, 1837, 4
1279, 1719, 2
1340, 1116, 4
920, 944, 5
480, 0, 3
1647, 833, 2
1580, 1108, 2
1623, 1260, 2
1, 154, 2
456, 401, 4
437, 823, 2
401, 732, 3
179, 456, 6
1686, 1288, 2
894, 1616, 2
1579, 1509, 2
239, 289, 2
319, 680, 4
1626, 1630, 2
710, 1260, 2
160, 160, 4
1802, 44, 2
1719, 1023, 2
1410, 424, 2
1441, 1818, 2
170, 554, 2
1581, 1816, 2
462, 38, 3
687, 1837, 2
1105, 190, 2
1365, 1416, 2
765, 534, 2
616, 1416, 2
456, 1837, 2
1241, 1618, 2
426, 992, 2
480, 812, 3
328, 1332, 5
1341, 175, 2
826, 242, 2
244, 819, 4
809, 1526, 2
1724, 135, 2
1760, 284, 2
406, 747, 2
1499, 315, 2
1561, 624, 2
1102, 495, 2
1683, 116, 2
383, 1059, 2
24, 1220, 2
320, 481, 2
87, 1212, 2
1818, 443, 2
1181, 1818, 3
16, 907, 3
597, 926, 3
1578, 1507, 2
364, 1030, 2
1756, 1150, 2
173, 172, 2
357, 920, 2
1016, 81, 7
1289, 332, 2
647, 1487, 6
479, 479, 2
1265, 113, 2
1285, 1670, 2
1383, 495, 3
67, 1597, 2
733, 797, 3
197, 317, 2
534, 881, 2
570, 1112, 4
1612, 77, 2
495, 152, 2
1622, 1137, 2
1762, 1012, 2
1506, 1611, 5
532, 1650, 2
881, 175, 2
367, 1654, 2
319, 398, 3
1126, 495, 11
1305, 676, 5
1035, 1769, 2
448, 59, 2
1018, 1545, 2
254, 337, 5
1830, 480, 2
838, 131, 2
1106, 1793, 2
1781, 1775, 2
1200, 1832, 3
1625, 1625, 2
851, 1358, 4
1176, 327, 2
1825, 346, 2
325, 1444, 2
1101, 1612, 2
1748, 1747, 2
1581, 1506, 2
1757, 1137, 2
1414, 751, 3
480, 99, 3
494, 286, 2
1284, 319, 3
247, 920, 2
1, 1826, 4
1604, 401, 3
229, 1011, 3
1546, 1298, 2
1009, 1298, 2
632, 811, 2
1416, 1116, 2
615, 1481, 6
447, 525, 3
313, 1395, 2
1499, 1184, 4
1209, 1068, 2
1493, 1837, 9
90, 596, 2
790, 723, 2
1623, 1176, 2
330, 1613, 2
748, 1548, 2
946, 1857, 3
1828, 43, 2
1318, 1465, 3
1618, 0, 10
79, 0, 2
1578, 117, 2
480, 1687, 5
1062, 68, 2
417, 1719, 3
209, 63, 3
495, 66, 2
819, 819, 3
655, 1622, 2
815, 1051, 2
1586, 1181, 2
549, 9, 3
1224, 1789, 3
1445, 480, 3
1416, 796, 3
1638, 562, 2
340, 269, 3
340, 891, 2
1742, 879, 3
1809, 696, 2
1818, 1340, 2
1012, 1614, 2
303, 761, 2
28, 1618, 3
824, 68, 2
643, 1181, 2
106, 1524, 3
1080, 150, 2
920, 387, 2
1023, 1731, 3
1116, 1018, 2
98, 481, 2
319, 625, 2
1399, 1245, 2
1176, 1288, 2
748, 1650, 2
1484, 1603, 5
1549, 454, 3
913, 1719, 3
1602, 117, 11
1240, 1181, 2
1045, 693, 3
1760, 1526, 2
1618, 1236, 2
453, 1158, 2
1760, 244, 2
224, 1830, 2
1785, 1618, 2
1177, 809, 2
1573, 319, 3
190, 1470, 2
142, 319, 3
644, 1615, 3
1623, 1381, 2
433, 975, 2
1730, 1053, 2
966, 1416, 2
297, 456, 2
1060, 30, 3
218, 1770, 2
1800, 1810, 2
748, 240, 2
1747, 1016, 2
884, 1345, 4
1429, 402, 2
1429, 692, 2
480, 1139, 2
1644, 1014, 2
1704, 1704, 4
1796, 52, 7
617, 1270, 2
244, 1307, 3
1124, 134, 2
1424, 815, 2
722, 1288, 2
171, 257, 2
86, 1679, 2
1360, 495, 2
1614, 1440, 2
472, 881, 15
1144, 1606, 2
1796, 1493, 10
558, 1726, 2
920, 1128, 62
1741, 1084, 2
672, 1518, 2
507, 1327, 2
762, 44, 2
1619, 24, 3
1830, 1591, 2
1012, 354, 2
1579, 1026, 2
575, 1174, 2
1779, 319, 3
1553, 1799, 2
1575, 495, 3
1062, 1062, 2
575, 170, 2
769, 66, 2
1369, 1006, 2
245, 905, 2
623, 447, 2
1241, 175, 2
693, 244, 2
881, 328, 2
1489, 1474, 2
1526, 1411, 2
1325, 1181, 3
1067, 175, 10
1508, 1059, 3
1620, 1210, 2
401, 1664, 3
1433, 617, 2
1626, 1733, 3
462, 21, 2
1009, 1422, 5
495, 1806, 3
1423, 126, 2
1707, 495, 13
920, 671, 2
627, 1369, 2
554, 537, 2
1634, 1865, 2
148, 220, 2
1260, 1059, 2
723, 1308, 3
1242, 1591, 4
251, 1326, 2
1837, 1556, 2
1230, 87, 2
132, 459, 2
862, 1747, 4
1140, 1174, 2
319, 561, 3
495, 0, 36
1733, 1579, 2
1596, 1730, 2
655, 878, 2
1030, 1850, 9
1719, 1616, 2
205, 319, 5
512, 1769, 2
123, 206, 4
374, 239, 4
463, 259, 2
635, 802, 2
1626, 1210, 2
917, 320, 4
12, 1387, 2
748, 1417, 2
785, 1506, 2
1618, 24, 40
577, 602, 3
1804, 782, 3
881, 820, 5
1542, 1474, 2
952, 1266, 2
1181, 972, 2
1012, 976, 7
1100, 1024, 2
753, 1779, 3
1168, 697, 2
1832, 1277, 2
962, 256, 2
1416, 1416, 9
456, 1331, 3
1597, 944, 2
1181, 1671, 2
238, 27, 2
654, 1797, 5
43, 563, 2
1023, 226, 2
1031, 1449, 8
284, 229, 2
1805, 1181, 3
50, 319, 6
976, 179, 2
1686, 1769, 2
354, 1664, 3
1785, 1298, 2
1059, 1618, 2
1062, 364, 2
1092, 319, 4
354, 211, 2
1525, 931, 2
1505, 1260, 2
491, 1171, 9
1366, 1229, 2
1002, 1719, 4
800, 1767, 9
1068, 735, 2
1434, 284, 3
1201, 552, 2
372, 244, 2
1777, 1591, 2
1616, 804, 2
829, 1800, 2
937, 101, 2
1820, 486, 4
251, 1806, 13
319, 176, 2
1551, 985, 2
1116, 1499, 3
340, 1008, 3
229, 472, 9
244, 1020, 2
1245, 1571, 3
1769, 244, 7
428, 459, 2
552, 224, 4
472, 365, 2
957, 96, 4
914, 487, 4
1298, 1348, 2
480, 998, 2
439, 456, 3
1662, 1547, 2
135, 480, 2
399, 1126, 7
1859, 1534, 2
401, 335, 2
932, 1489, 2
486, 1685, 5
1244, 1237, 3
90, 1116, 2
319, 1463, 2
1063, 822, 2
785, 1549, 3
1181, 17, 3
1504, 1105, 2
1391, 462, 2
374, 513, 2
1398, 951, 2
5, 343, 3
646, 8, 2
1700, 827, 3
1147, 148, 2
595, 1528, 2
707, 567, 5
480, 1105, 3
1268, 45, 2
495, 1118, 3
920, 1118, 3
202, 201, 3
1494, 1596, 2
1615, 738, 2
949, 1210, 2
1105, 314, 2
875, 865, 2
801, 1030, 2
1, 910, 4
1685, 1680, 5
131, 319, 3
354, 1315, 2
160, 1170, 2
1108, 685, 3
319, 656, 6
97, 749, 4
1105, 65, 2
1719, 357, 2
1116, 627, 3
1286, 1263, 4
414, 1522, 2
20, 1228, 2
456, 9, 3
456, 354, 4
537, 826, 2
1, 986, 3
1236, 1618, 2
1850, 1837, 2
1686, 286, 2
972, 945, 2
319, 1780, 2
495, 1651, 5
1119, 675, 3
602, 1602, 3
1181, 159, 2
807, 1262, 2
1830, 582, 11
1830, 741, 2
697, 986, 2
1295, 1451, 2
969, 1773, 3
81, 1050, 2
1241, 101, 2
1676, 616, 2
1517, 198, 2
481, 1161, 3
1694, 495, 3
1559, 312, 2
1410, 1719, 3
340, 784, 2
448, 842, 2
1591, 67, 6
475, 141, 4
1264, 942, 2
320, 1081, 8
737, 1089, 2
312, 1577, 2
1579, 1246, 2
1638, 1116, 2
790, 1236, 2
1021, 876, 2
61, 1105, 2
535, 1214, 2
402, 1562, 6
903, 1124, 3
1236, 601, 2
1492, 83, 2
364, 1728, 2
284, 1522, 2
495, 1022, 2
1719, 1789, 5
1504, 236, 4
557, 1239, 2
723, 666, 5
325, 521, 2
663, 1244, 2
166, 1384, 2
105, 1116, 2
319, 319, 8
319, 1499, 2
1190, 319, 3
495, 1719, 10
881, 978, 2
359, 363, 2
730, 819, 4
220, 1403, 2
515, 1718, 2
1074, 318, 2
623, 1381, 2
1288, 1128, 3
1049, 319, 6
60, 82, 21
599, 319, 14
843, 0, 2
1837, 1169, 2
480, 116, 2
882, 1127, 2
456, 1424, 2
732, 1556, 3
1646, 1715, 3
1223, 1648, 2
90, 1291, 2
1416, 693, 8
422, 426, 2
1761, 507, 3
1300, 9, 7
1638, 966, 2
611, 444, 2
1638, 1145, 2
354, 1323, 2
1409, 920, 2
81, 1782, 3
881, 66, 2
1630, 969, 2
1307, 916, 2
1176, 1660, 2
175, 931, 3
99, 1416, 2
545, 1769, 2
1174, 762, 2
1381, 1590, 2
1410, 1609, 2
1607, 1579, 7
1827, 495, 2
387, 324, 3
920, 1806, 2
831, 887, 2
1503, 1296, 2
1022, 1309, 2
1506, 545, 2
100, 1043, 2
422, 992, 3
581, 563, 3
1062, 123, 3
321, 244, 2
340, 1410, 21
1555, 1206, 2
21, 816, 2
480, 701, 2
1129, 761, 3
1399, 1328, 2
1686, 594, 6
301, 1020, 2
1219, 668, 2
1618, 1625, 2
1591, 1182, 2
1560, 1556, 2
262, 561, 2
1482, 480, 3
1148, 495, 9
759, 1092, 4
969, 1173, 5
151, 183, 2
1643, 1419, 3
1094, 982, 2
568, 1830, 2
1635, 1719, 2
347, 1614, 2
1167, 0, 2
485, 1762, 2
1290, 1804, 2
1072, 1228, 2
1526, 976, 2
1757, 1733, 2
1676, 800, 2
761, 331, 3
40, 0, 4
1722, 987, 2
693, 495, 4
480, 997, 2
1637, 0, 2
24, 723, 2
1275, 495, 4
1406, 976, 2
542, 821, 2
1570, 1105, 2
1688, 852, 2
319, 663, 2
405, 283, 2
1450, 319, 3
1073, 401, 2
480, 1260, 2
314, 1617, 2
509, 930, 2
244, 953, 2
432, 666, 2
1288, 1688, 3
1837, 1239, 2
1293, 0, 2
1051, 616, 2
1307, 1760, 2
1578, 701, 2
743, 1533, 4
374, 319, 2
1488, 765, 2
1241, 730, 4
1600, 1719, 4
859, 580, 3
1818, 1514, 2
480, 693, 6
1110, 319, 10
1285, 458, 2
1719, 228, 4
355, 972, 2
1103, 261, 3
1760, 664, 5
883, 1739, 5
724, 1845, 2
1298, 723, 2
1636, 1856, 2
319, 1220, 2
1276, 1275, 4
1019, 354, 5
1095, 1323, 4
748, 399, 2
476, 1415, 3
881, 183, 2
1720, 1147, 2
1832, 685, 3
336, 1367, 2
242, 1808, 2
244, 320, 3
447, 664, 2
881, 1062, 3
319, 1741, 2
163, 1864, 2
748, 1653, 2
1262, 224, 2
1445, 1777, 2
436, 693, 3
1, 683, 2
33, 910, 2
746, 1560, 2
334, 1347, 2
865, 855, 3
443, 645, 2
1017, 21, 3
276, 143, 2
690, 1027, 2
132, 0, 2
830, 364, 2
1437, 116, 2
920, 66, 5
1416, 1073, 2
54, 854, 2
1105, 209, 2
1624, 1198, 2
1381, 1181, 3
495, 693, 2
228, 1395, 2
1498, 704, 2
710, 1380, 3
1526, 168, 2
1330, 401, 3
342, 1108, 2
748, 16, 2
927, 116, 2
495, 55, 3
495, 928, 2
1563, 1638, 2
604, 1181, 2
723, 1618, 4
1648, 1792, 2
480, 594, 4
432, 104, 3
1116, 1095, 4
920, 459, 14
645, 1822, 4
244, 1688, 2
75, 1818, 2
1586, 116, 3
250, 902, 3
504, 515, 2
544, 274, 2
1437, 969, 2
160, 1416, 3
1609, 1105, 2
495, 475, 4
1137, 693, 2
1837, 1851, 2
1030, 925, 2
495, 300, 2
155, 551, 2
1, 121, 3
1623, 800, 9
540, 1013, 2
621, 1274, 2
638, 634, 4
1659, 1591, 2
639, 319, 6
951, 1818, 9
709, 878, 2
1682, 1020, 2
972, 912, 2
92, 454, 2
1457, 826, 3
17, 1730, 2
1105, 159, 2
1589, 650, 3
507, 639, 2
505, 387, 3
253, 255, 2
354, 462, 3
24, 34, 2
1219, 630, 2
1495, 802, 2
696, 1499, 4
869, 802, 2
297, 649, 2
319, 238, 2
1845, 495, 2
1395, 1058, 4
1758, 1618, 2
1214, 1398, 2
1655, 850, 3
1568, 919, 2
96, 786, 4
256, 103, 2
881, 68, 3
333, 826, 2
1576, 244, 2
81, 862, 4
244, 785, 2
1679, 920, 2
1429, 1067, 2
792, 281, 2
1195, 159, 2
741, 566, 2
322, 920, 2
1664, 401, 6
751, 319, 4
480, 1062, 3
660, 687, 2
826, 966, 2
566, 1495, 2
1684, 1600, 2
82, 1023, 3
1020, 284, 2
34, 1248, 2
903, 1852, 3
462, 1673, 2
881, 67, 2
1550, 645, 4
551, 803, 2
599, 1069, 5
1542, 1579, 2
370, 319, 5
319, 1327, 6
1434, 303, 2
1584, 577, 3
1181, 589, 2
1755, 379, 2
723, 1236, 4
1416, 1051, 6
65, 1289, 2
818, 843, 2
179, 480, 2
1091, 920, 2
534, 1062, 2
1416, 160, 2
1671, 302, 2
364, 982, 2
1, 661, 3
1215, 1584, 2
125, 1021, 2
1412, 444, 2
788, 495, 3
244, 826, 3
1357, 1359, 2
1249, 1322, 2
1665, 920, 2
1074, 398, 2
1506, 645, 3
1307, 445, 2
1406, 1152, 2
1332, 1667, 3
252, 1694, 2
472, 534, 2
456, 1515, 3
818, 74, 2
747, 1610, 2
116, 693, 2
329, 427, 2
1362, 1191, 2
1719, 300, 13
1298, 1830, 2
257, 103, 2
1686, 1210, 2
49, 320, 4
7, 244, 2
1623, 665, 2
313, 920, 2
1626, 1171, 3
952, 915, 6
1638, 350, 2
412, 1587, 2
1733, 1104, 3
748, 337, 3
394, 818, 2
1269, 931, 2
1020, 931, 2
67, 645, 3
1260, 1602, 2
576, 1181, 4
307, 1399, 2
899, 1012, 2
747, 676, 2
1302, 184, 2
837, 1755, 2
1719, 950, 4
900, 110, 3
444, 151, 12
224, 1591, 3
467, 1830, 4
319, 985, 8
649, 1151, 2
826, 462, 2
160, 9, 3
1490, 476, 5
1023, 1719, 2
1458, 1181, 2
1427, 521, 3
619, 468, 6
920, 570, 2
1250, 1688, 2
627, 610, 2
1479, 249, 2
722, 67, 2
1796, 1300, 8
1570, 666, 2
459, 326, 2
991, 1485, 4
440, 608, 3
439, 457, 2
1265, 1507, 2
966, 903, 2
1674, 160, 6
1676, 1282, 2
1257, 1221, 2
1496, 420, 4
910, 910, 4
1260, 1599, 2
354, 284, 6
904, 723, 2
1, 728, 2
401, 1261, 3
1081, 1604, 11
503, 1591, 3
1019, 1353, 3
1591, 1830, 4
235, 1087, 2
459, 920, 10
760, 495, 4
1236, 1245, 3
1053, 319, 2
495, 853, 3
70, 480, 3
244, 1591, 5
970, 495, 2
930, 1012, 2
1247, 1578, 13
784, 90, 3
1533, 448, 4
1052, 1144, 2
319, 946, 2
1474, 1298, 2
909, 340, 2
588, 374, 2
1025, 340, 2
232, 574, 2
1, 1820, 3
928, 230, 2
1718, 704, 2
1026, 1072, 2
1593, 118, 2
976, 401, 11
9, 1720, 6
280, 1784, 2
812, 832, 2
209, 627, 3
1419, 1019, 3
676, 459, 3
1629, 338, 2
1051, 868, 2
911, 1381, 2
1016, 1839, 3
787, 1265, 2
6, 340, 2
124, 203, 2
1201, 1813, 3
906, 920, 3
286, 151, 2
409, 1590, 2
982, 914, 2
748, 259, 2
174, 474, 2
752, 1450, 3
1297, 761, 4
392, 389, 4
1030, 656, 4
1445, 1160, 2
1391, 354, 2
1264, 1416, 2
38, 1434, 2
645, 1168, 3
1709, 673, 2
1084, 1538, 2
1440, 1072, 2
966, 297, 2
456, 1794, 3
929, 659, 2
340, 515, 4
474, 18, 2
26, 323, 2
748, 706, 3
357, 421, 2
515, 1707, 9
326, 761, 3
1603, 1744, 8
1618, 969, 3
1829, 1529, 2
789, 1128, 2
1571, 1785, 3
1059, 1327, 2
1602, 480, 7
319, 1113, 2
183, 1319, 2
748, 695, 2
238, 1326, 3
456, 480, 15
340, 268, 3
152, 399, 5
1233, 1777, 2
1059, 903, 2
1287, 1153, 4
354, 160, 3
1489, 1068, 2
340, 1444, 3
645, 1170, 2
1, 152, 2
844, 207, 2
941, 132, 3
497, 497, 2
973, 696, 2
1241, 210, 2
1618, 985, 3
1506, 1631, 2
126, 238, 2
1011, 499, 3
126, 244, 4
748, 516, 3
1691, 1393, 4
1182, 1852, 2
1059, 1785, 3
1840, 1474, 2
473, 1787, 3
1364, 1182, 3
189, 715, 2
1390, 904, 10
1660, 515, 2
495, 638, 2
1784, 756, 2
1618, 405, 2
495, 1551, 2
944, 209, 2
1792, 307, 2
449, 1586, 6
495, 805, 2
685, 1108, 3
566, 0, 5
1837, 456, 2
1866, 258, 3
432, 817, 2
1260, 1260, 2
495, 1826, 2
1628, 1416, 3
1009, 1009, 4
159, 1446, 2
1703, 495, 2
708, 35, 2
1676, 581, 2
986, 706, 5
1327, 1352, 2
1247, 476, 6
1651, 1453, 2
1242, 319, 6
121, 516, 6
1068, 1830, 2
874, 799, 2
522, 339, 2
1120, 969, 2
1280, 1441, 2
86, 495, 2
1308, 1137, 2
1, 1200, 2
1352, 827, 6
705, 566, 2
1719, 515, 2
1608, 139, 2
1850, 1059, 2
1181, 117, 2
840, 1836, 2
1236, 1327, 8
1388, 1684, 2
1609, 584, 3
480, 1252, 2
1811, 395, 2
57, 306, 2
1, 964, 3
495, 1327, 7
99, 1051, 2
1755, 1088, 4
340, 179, 2
761, 38, 3
107, 1443, 2
71, 1287, 4
974, 1228, 2
1522, 1636, 2
401, 462, 3
1327, 491, 3
241, 970, 2
1212, 330, 2
1629, 1825, 2
294, 936, 3
786, 920, 4
403, 1159, 2
1806, 111, 3
48, 1489, 2
1651, 254, 5
319, 50, 2
542, 1638, 2
387, 1265, 2
1416, 320, 2
920, 1244, 2
1416, 1812, 2
244, 1311, 2
1736, 495, 9
7, 284, 2
1588, 111, 2
287, 1416, 2
1144, 1806, 3
1228, 347, 3
1378, 1811, 2
818, 532, 2
22, 336, 2
175, 1365, 2
1710, 1837, 2
444, 1308, 2
233, 1306, 2
757, 370, 2
64, 64, 2
534, 1627, 4
101, 1701, 3
1764, 297, 2
319, 1202, 2
985, 1435, 3
476, 1561, 2
523, 768, 2
1298, 480, 2
749, 369, 2
826, 1489, 2
38, 369, 3
1043, 495, 5
480, 364, 2
950, 818, 2
667, 1639, 4
468, 244, 2
1862, 920, 2
179, 583, 2
209, 1416, 5
1077, 149, 2
1677, 891, 5
1819, 1164, 2
1184, 577, 2
1247, 1586, 2
480, 602, 3
244, 1389, 4
153, 495, 4
394, 1356, 2
938, 1090, 2
110, 1731, 2
863, 117, 2
1252, 655, 2
1271, 29, 3
1401, 1302, 2
543, 500, 2
1118, 1641, 12
926, 881, 2
1794, 1247, 6
1780, 1180, 2
1381, 1020, 4
1710, 1304, 2
721, 1181, 2
723, 1553, 2
1688, 1429, 2
1804, 67, 2
759, 1861, 2
495, 1491, 2
1202, 385, 2
986, 628, 3
931, 1591, 2
179, 179, 2
37, 640, 2
1680, 866, 4
775, 1245, 2
1757, 562, 2
1027, 1837, 2
1759, 931, 12
59, 139, 2
320, 730, 2
214, 234, 2
396, 1545, 3
495, 736, 2
381, 317, 2
1591, 1628, 3
1260, 949, 2
239, 1719, 2
502, 1257, 2
1152, 488, 2
354, 1591, 2
1658, 1784, 2
200, 920, 2
1151, 1591, 2
160, 1262, 4
1260, 179, 2
324, 117, 2
165, 1258, 2
1146, 495, 3
851, 851, 2
1740, 86, 2
1445, 116, 2
354, 1785, 2
1116, 702, 2
1721, 1689, 2
1288, 1719, 2
275, 819, 2
1422, 1769, 2
1108, 60, 3
551, 363, 2
1179, 1692, 2
375, 1735, 3
1445, 1445, 3
340, 563, 3
881, 1757, 2
1288, 612, 2
1591, 462, 2
826, 1526, 3
1552, 298, 2
1532, 315, 2
101, 1762, 3
63, 690, 2
117, 627, 2
284, 1624, 2
515, 340, 4
244, 1273, 2
796, 563, 3
873, 1155, 3
258, 146, 3
1475, 607, 2
1, 1344, 3
495, 723, 2
931, 1762, 3
1230, 623, 2
353, 761, 2
126, 1762, 3
920, 881, 3
1610, 761, 2
1165, 824, 2
1524, 1512, 3
1238, 1807, 2
1846, 1391, 2
1630, 1282, 8
275, 1072, 2
89, 1416, 2
382, 42, 2
920, 1434, 2
204, 1802, 2
972, 1438, 2
311, 319, 3
920, 723, 2
969, 1117, 3
1384, 524, 2
1837, 209, 2
369, 785, 2
1701, 1258, 6
920, 396, 2
1168, 549, 6
472, 358, 9
536, 1342, 2
1305, 63, 2
1693, 495, 2
270, 106, 2
492, 1867, 2
784, 266, 3
1787, 1852, 3
488, 1410, 2
305, 284, 3
424, 340, 9
536, 553, 2
777, 282, 2
315, 187, 2
215, 160, 3
1838, 297, 2
818, 642, 2
920, 0, 3
666, 787, 2
1762, 244, 29
1103, 573, 3
323, 1168, 2
278, 515, 2
154, 1377, 2
1414, 965, 2
1241, 1416, 3
1051, 169, 2
1445, 1381, 3
1416, 1327, 4
69, 1785, 2
401, 1201, 6
1221, 1479, 2
1832, 920, 3
344, 112, 3
1116, 1067, 2
907, 479, 3
1416, 594, 2
607, 1448, 2
1611, 244, 2
1080, 563, 2
113, 1129, 2
201, 1719, 2
141, 1128, 2
369, 1663, 2
1541, 1762, 4
1502, 316, 2
349, 374, 2
320, 559, 2
1560, 444, 2
618, 160, 2
1837, 1506, 2
1096, 659, 5
1371, 113, 2
1342, 602, 2
824, 1072, 3
842, 743, 4
1359, 1015, 2
910, 1343, 4
1462, 67, 2
1223, 1144, 5
969, 1116, 3
664, 16, 3
315, 1533, 2
1031, 530, 2
1830, 761, 3
21, 644, 3
1849, 1719, 2
923, 1061, 2
495, 1054, 7
916, 1406, 2
1837, 67, 3
495, 677, 5
574, 1565, 2
1071, 1602, 2
1713, 824, 2
1344, 884, 9
1116, 1862, 5
317, 317, 2
905, 504, 2
21, 411, 3
1601, 619, 3
1106, 1557, 2
545, 175, 2
62, 1399, 2
1719, 777, 3
1554, 378, 2
1149, 292, 2
116, 68, 2
249, 1789, 3
1232, 334, 2
1614, 528, 2
1591, 562, 2
1, 107, 2
401, 1477, 5
1508, 536, 2
1058, 1171, 3
1818, 371, 10
685, 1293, 3
1, 1299, 2
1673, 1578, 2
480, 462, 2
581, 1181, 6
1623, 881, 2
677, 1416, 2
1406, 1719, 2
952, 512, 2
625, 882, 4
1719, 459, 3
1610, 566, 2
676, 1235, 2
1556, 1785, 7
602, 568, 2
677, 1837, 3
302, 303, 2
203, 364, 2
182, 1731, 3
1476, 467, 2
735, 79, 2
1664, 995, 3
310, 63, 2
547, 1416, 3
730, 824, 2
776, 780, 2
904, 1059, 2
273, 201, 2
1298, 66, 2
881, 471, 2
748, 530, 2
1639, 784, 4
354, 1618, 2
812, 99, 2
1832, 1128, 9
1, 1684, 2
1769, 1068, 2
1661, 476, 2
1111, 1128, 2
806, 432, 3
1664, 563, 2
1004, 1225, 2
1, 1345, 4
1103, 319, 2
835, 279, 2
881, 472, 2
966, 911, 2
919, 297, 2
873, 883, 4
1410, 426, 2
1139, 14, 2
231, 1181, 2
1231, 826, 2
108, 1359, 2
1467, 286, 2
1253, 90, 4
662, 1406, 2
1489, 160, 3
63, 1308, 2
920, 1313, 3
661, 1735, 8
1282, 1302, 2
1216, 501, 2
1632, 1181, 2
1638, 1310, 2
24, 842, 2
1825, 354, 2
1229, 493, 2
459, 1731, 23
585, 455, 2
1087, 1290, 2
543, 1683, 2
401, 222, 3
919, 826, 3
1097, 892, 2
960, 620, 2
1696, 495, 2
1480, 1818, 2
495, 459, 3
1416, 1579, 2
495, 1416, 2
1158, 319, 2
1241, 451, 2
913, 495, 7
1379, 1400, 3
320, 812, 2
1314, 783, 2
602, 594, 2
748, 1487, 5
242, 558, 2
1634, 1110, 2
676, 1278, 2
421, 433, 2
1551, 905, 2
277, 1737, 2
1669, 1583, 2
1162, 977, 2
182, 1718, 2
1026, 1314, 2
594, 354, 5
1783, 368, 2
1519, 950, 7
920, 1618, 2
480, 1005, 5
480, 472, 2
920, 761, 2
216, 1471, 2
151, 1828, 2
1236, 1623, 2
1062, 480, 3
853, 1863, 2
315, 495, 5
1705, 495, 2
525, 480, 2
481, 1105, 2
472, 1426, 4
534, 304, 2
716, 693, 2
1534, 1534, 3
1026, 937, 2
1560, 0, 2
1239, 919, 2
1358, 1332, 4
1434, 244, 2
1611, 581, 2
425, 1068, 2
160, 1759, 2
82, 1359, 9
168, 485, 2
658, 489, 2
115, 515, 2
1389, 1242, 2
1344, 1502, 5
1801, 1837, 2
843, 785, 2
1349, 1396, 2
1116, 676, 2
781, 1134, 2
363, 1674, 2
1683, 1137, 2
1059, 914, 2
479, 284, 2
860, 1709, 3
535, 582, 2
1530, 1110, 2
856, 319, 2
761, 1135, 2
495, 1360, 3
1598, 202, 3
1706, 1789, 2
852, 920, 2
1109, 159, 2
500, 1379, 2
882, 571, 2
794, 676, 3
244, 481, 2
535, 750, 2
480, 1256, 2
67, 547, 2
1769, 991, 3
238, 1428, 3
828, 1078, 2
441, 1527, 5
